f: [2.7536778251651e-07, 2.8885121014352004e-07, 3.0295515888966e-07, 3.1771020068395e-07,
  3.3314834613453003e-07, 3.4930311680300996e-07, 3.6620962095168e-07, 3.839046331619e-07,
  4.0242667764406003e-07, 4.218161158583e-07, 4.421152383811e-07, 4.6336836128378e-07,
  4.856219274238e-07, 5.089246126257e-07, 5.3332743736537e-07, 5.5888388384204e-07,
  5.856500190567e-07, 6.136846239929101e-07, 6.4304932941441e-07, 6.7380875834921e-07,
  7.0603067595026e-07, 7.3978614677808e-07, 7.751497001649601e-07, 8.121995038749e-07,
  8.510175467373e-07, 8.916898302433e-07, 9.3430657049541e-07, 9.7896240981556e-07,
  1.02575663900397e-06, 1.07479343244245e-06, 1.12618209329175e-06, 1.1800373118903e-06,
  1.23647943834105e-06, 1.29563476771035e-06, 1.35763584059672e-06, 1.42262175912279e-06,
  1.4907385187825902e-06, 1.5621393575064901e-06, 1.63698512311529e-06, 1.71544465906475e-06,
  1.7976952102312001e-06, 1.88392284996854e-06, 1.9743229286861e-06, 2.0691005459467e-06,
  2.1684710467832e-06, 2.2726605436213e-06, 2.3819064652968e-06, 2.4964581343818002e-06,
  2.6165773743876e-06, 2.7425391484486002e-06, 2.8746322309507e-06, 3.0131599141186997e-06,
  3.1584407510338e-06, 3.3108093373138e-06, 3.4706171331557e-06, 3.6382333281198e-06,
  3.8140457506945e-06, 3.9984618250278e-06, 4.191909577291799e-06, 4.3948386942238e-06,
  4.6077216365287e-06, 4.831054810092201e-06, 5.065359797836e-06, 5.3111846554833e-06,
  5.5691052744304e-06, 5.8397268152901e-06, 6.1236852156893e-06, 6.4216487760111e-06,
  6.7343198274409e-06, 7.0624364860725e-06, 7.4067744979781995e-06, 7.768149179224001e-06,
  8.1474174566594e-06, 8.5454800136872e-06, 8.9632835463669e-06, 9.401823136990801e-06,
  9.862144748160601e-06, 1.03453478473063e-05, 1.08525881637179e-05, 1.13850805897656e-05,
  1.19441022291788e-05, 1.25309956014831e-05, 1.31471720122458e-05, 1.3794115093750401e-05,
  1.44733845279003e-05, 1.5186619958351999e-05, 1.5935545101366e-05, 1.6721972068067002e-05,
  1.7547805902791e-05, 1.8415049355482e-05, 1.9325807892230998e-05, 2.028229496178e-05,
  2.1286837525881e-05, 2.2341881869919e-05, 2.3449999704455e-05, 2.4613894573209e-05,
  2.5836408583091e-05, 2.7120529468101e-05, 2.8469398008779e-05, 2.9886315817897e-05,
  3.1374753513858e-05, 3.2938359299474e-05, 3.4580967962755005e-05, 3.6306610322754e-05,
  3.8119523138472e-05, 4.0024159503042e-05, 4.2025199746566e-05, 4.4127562868976e-05,
  4.6336418527775e-05, 4.8657199606584e-05, 5.1095615388912e-05, 5.3657665365127996e-05,
  5.6349653700221e-05, 5.9178204391477e-05, 6.215027714659301e-05, 6.527318401173601e-05,
  6.8554606783988e-05, 7.2002615239437e-05, 7.56256862113e-05, 7.9432723557562e-05,
  8.3433079045063e-05, 8.7636574201737e-05, 9.205352316026501e-05, 9.669475654636701e-05,
  0.00010157164644351201, 0.000106696132478281, 0.000112080749073371, 0.000117738653906484,
  0.000123683657623477, 0.00012993025484561, 0.00013649365652606, 0.00014338982369953,
  0.00015063550266762, 0.00015824826166981, 0.0001662465290994, 0.00017464963329620001,
  0.00018347784397925002, 0.00019275241535492, 0.00020249563096882002, 0.00021273085032251997,
  0.00022348255733226, 0.00023477641064657, 0.00024663929589668, 0.00025909937989655003,
  0.00027218616685188, 0.00028593055661199, 0.00030036490500049003, 0.00031552308625327997,
  0.00033144055759777997, 0.00034815442600331003, 0.00036570351710831997, 0.00038412844634912,
  0.00040347169229327, 0.00042377767218201, 0.0004450928196655, 0.0004674656647197,
  0.0004909469157253, 0.0005155895436440201, 0.0005414488682802001, 0.00056858264652846,
  0.00059705116254473, 0.00062691731975089, 0.00065824673454275, 0.0006911078315808301,
  0.00072557194050706, 0.00076171339390903, 0.00079960962632425, 0.00083934127406423,
  0.0008809922755918199, 0.00092464997215787, 0.00097040520837965, 0.00101835243239007,
  0.0010685897951451, 0.0011212192484842001, 0.001176346641385, 0.0012340818139464,
  0.0012945386884074, 0.0013578353566913999, 0.0014240941635990999, 0.0014934417850357002,
  0.0015660093003165001, 0.0016419322576434, 0.0017213507319044001, 0.0018044093735071999,
  0.001891257447257, 0.0019820488599873003, 0.002076942175632, 0.0021761006161641,
  0.0022796920471583, 0.0023878889459994, 0.0025008683512208, 0.0026188117910528,
  0.0027419051890612, 0.0028703387449838, 0.0030043067883703, 0.0031440076026911,
  0.0032896432174762003, 0.0034414191657549, 0.0035995442041351, 0.0037642299925771,
  0.0039356907307162, 0.0041141427478050005, 0.0042998040426832996, 0.0044928937705623,
  0.004693631672954599, 0.004902237447051001, 0.0051189300508691, 0.0053439269401878,
  0.0055774432332569, 0.0058196907993774, 0.006070877267163899, 0.0063312049482673,
  0.0066008696726311, 0.0068800595308792, 0.0071689535199589, 0.007467720087919, 0.007776515573957,
  0.008095482539907, 0.008424747989881, 0.008764421474361, 0.009114593076240001, 0.009475331275805,
  0.009846680692734, 0.010228659703306, 0.010621257932083, 0.011024433616569998, 0.011438110847372,
  0.01186217668208, 0.012296478137836001, 0.012740819064382, 0.013194956901307, 0.013658599327641,
  0.014131400808570999, 0.014612959048629, 0.01510281136369, 0.015600430981203998,
  0.016105223285883, 0.016616522026132, 0.017133585500222998, 0.017655592743864, 0.01818163974274,
  0.018710735695449, 0.019241799353767998, 0.019773655469543, 0.02030503137701, 0.020834553739399,
  0.021360745487492, 0.021882022977658, 0.022396693393186, 0.022902952415613, 0.023398882194122998,
  0.023882449645674, 0.024351505132391, 0.024803781575045, 0.025236894079714998, 0.025648340174211002,
  0.026035500762615, 0.026395641921099, 0.02672591765621, 0.02702337374499, 0.02728495275833,
  0.02750750035326, 0.02768777288811, 0.02782244639227, 0.02790812689808, 0.02794136213167,
  0.02791865455685, 0.0278364757731, 0.02769128227615, 0.02747953259196, 0.02719770579584,
  0.02684232141631, 0.02640996071163, 0.02589728929485, 0.02530108106237, 0.02461824337158,
  0.02384584339306, 0.02298113554997, 0.02202158993828, 0.02096492160105, 0.01980912051266,
  0.018552482103869998, 0.01719363813348, 0.015731587690939998, 0.01416572808407,
  0.012495885340569998, 0.010722344027200001, 0.008845876061170002, 0.0068677681667699995,
  0.0047898476088100005, 0.002614505813890001, 0.00034471948142999944, -0.00201593122616,
  -0.00446324782444, -0.0069924023910240005, -0.00959793060058, -0.01227372931667,
  -0.015013059145539999, -0.01780855235769, -0.02065222657362, -0.02353550457089,
  -0.02644924045647, -0.029383752208199998, -0.0323288601667, -0.035273930455800004,
  -0.0382079216449, -0.0411194325337, -0.0439967491878, -0.0468278906897, -0.0496006555741,
  -0.0523026739888, -0.0549214726796, -0.057444558832199996, -0.059859523502, -0.062154158265700005,
  -0.0643165746245, -0.06633531743, -0.06819946882359999, -0.06989874359789999, -0.071423578396,
  -0.0727652165126, -0.0739157886677, -0.0748683889497, -0.0756171444349, -0.0761572768563,
  -0.0764851548366, -0.0765983356535, -0.07649559592970001, -0.0761769511068, -0.0756436638935,
  -0.0748982421192, -0.0739444266405, -0.0727871699664, -0.0714326064072, -0.06988801447269999,
  -0.0681617722905, -0.0662633066947, -0.06420303663053, -0.06199231135864, -0.059643343894378004,
  -0.05716913998232, -0.05458342282369, -0.0519005536769, -0.049135448403800006, -0.046303489979700005,
  -0.043420436998799994, -0.040502328223299994, -0.037565383276900004, -0.03462589966290001,
  -0.031700146391, -0.028804254499500005, -0.025954104985700006, -0.02316521444759999,
  -0.0204526190223, -0.01783075694450001, -0.015313350206399998, -0.012913285742999991,
  -0.0106424966783, -0.008511844372599997, -0.006531002338699993, -0.004708343433299997,
  -0.003050832106900006, -0.0015639236114999983, -0.00025147180779999667, 0.0008843536305000038,
  0.001843141219199998, 0.002626305136199991, 0.0032371500613999904, 0.0036809376619000023,
  0.0039649580444999985, 0.004098606304400003, 0.004093459578299999, 0.003963343554499999,
  0.0037243713874100005, 0.0033949302982000003, 0.002995584773599999, 0.002548856656999998,
  0.0020788255605, 0.001610524408799996, 0.0011689563929999924, 0.0007777580409999985,
  0.00045728750400000906, 0.0002220247519999774, 7.709242799999738e-05, 1.368586799999072e-05,
  0.0, 0.0]
r: !!python/object/apply:numpy.core.multiarray._reconstruct
  args:
  - &id001 !!python/name:numpy.ndarray ''
  - !!python/tuple [0]
  - !!binary |
    Yg==
  state: !!python/tuple
  - 1
  - !!python/tuple [387]
  - &id002 !!python/object/apply:numpy.dtype
    args: [f8, 0, 1]
    state: !!python/tuple [3, <, null, null, null, -1, -1, 0]
  - false
  - !!binary |
    EHZa5qs2CT8iVQCRHOUJP9zw8hhEmAo/mGLkG0NQCz+K/C0ZOw0MP+wi6ndOzww/HOc2jaCWDT8D
    /6SiVWMOPxnf0vySNQ8/whsbcb8GED/adglRoHUQP70J0k2A5xA/VGq6InRcET+tl3YakdQRP5Ue
    CRPtTxI/Npq+gZ7OEj81OkR3vFATP5tu2qNe1hM/02mlW51fFD/UyxqbkewUPyntjQtVfRU/MXrc
    BwISFj86rjmhs6oWP4U/HaSFRxc/Q3tRnZToFz97/Cbf/Y0YPx+dyobfNxk/KJLBgVjmGT/iq4mT
    iJkaP5BbY1uQURs/bqpBWpEOHD/jPuD4rdAcP0sWD44JmB0/snMWZchkHj9iXF7EDzcfP8RsF/qC
    ByA/xtLUIml2ID8qYvyMTuggP0QB0PRHXSE/EVEHpmrVIT9BKLB/zFAiP5/zKPiDzyI/aFw4IahR
    Iz8XZD+sUNcjP7yWi+6VYCQ/niLD5ZDtJD/MtnI8W34lP+PHuU4PEyY/DDsVL8irJj+yyE+roUgn
    P3HFkFG46Sc/KtKNdSmPKD8k9OM1EzkpP+BTkYGU5yk/NISXHc2aKj95McWq3VIrPzNopKvnDyw/
    S5WXig3SLD+ojRqgcpktP6z/Mzk7Zi4/I/0Pnow4Lz94L2WMRggwP+/QMv4xdzA/H1f71RzpMD81
    /P3QG14xP3K+9jtE1jE/BLv99qtRMj+9PoN5adAyP4S0Z9aTUjM/FsEtwELYMz8LxUqNjmE0Pzad
    ljyQ7jQ/svjWeWF/NT/ELWyiHBQ2P15tHsrcrDY/U50LwL1JNz9fsbYT3Oo3P9IrPBpVkDg/74yn
    80Y6OT+DunCQ0Og5P8EmHbcRnDo/VO8ICitUOz+qPFgNPhE8P1EJEC1t0zw/mDpcw9uaPT9r+f0e
    rmc+P7d86IkJOj8/biYFKAoJQD96MCPj+ndAPwj3zijr6UA/GAhFt+9eQT//wkTcHddBP5Nj8XiL
    UkI/zqbNBU/RQj8YBdOWf1NDP1xapd802UM/CmjjN4diRD9BdZWfj+9EPzV5usNngEU/Bqj0AioV
    Rj9FplZy8a1GPyNjUeLZSkc/uZHE4//rRz96LTLNgJFIP/q9FcB6O0k/MVZgrgzqST+nIxtgVp1K
    P4iNMHl4VUs/0yddf5QSTD8pl0rgzNRMPxT50/dEnE0/Gjl1FiFpTj8yR+iHhjtPP7er98zNCVA/
    jaWm0cN4UD8B0neFuepQP/tspafDX1E/1e7xhvfXUT8b+osFa1NSP+eXCJ000lI/I056YmtUUz8c
    LKcKJ9pTP9gPVu5/Y1Q/x86/Do/wVD957B0aboFVP9YOVHA3FlY/yAm+JwavVj9HziES9ktXP4yu
    usEj7Vc/XvdwjqySWD9hFy+brjxZPxT/YNtI61k/GneSGJueWj8P6Dv4xVZbP/FttAHrE1w/FoNI
    pCzWXD9KoYI9rp1dP+aWmh+Ual4/0HwQmAM9Xz9pKz17kQpgPz2cvcmMeWA/PeT264frYD/mTh+i
    l2BhPw7A/jvR2GE/wDLOnEpUYj8txjQ/GtNiP/stXzlXVWM/baIzQRnbYz9xqqKweGRkPxk2F4qO
    8WQ/v4QCfXSCZT8pLIrqRBdmPzgkVuoasGY/78h9TxJNZz8WKJqtR+5nP4Wt+F3Yk2g/aN30hOI9
    aT8xx3IXhexpPxP9guDfn2o/OIsshxNYaz8SV16UQRVsPyEDCnmM12w/ZAtplBefbT/pkG46B2xu
    P9BPYrqAPm8/rWvWMlULcD+lkmjLVXpwP6fBS1xW7HA/EsWzpmthcT/Iz2v7qtlxP5dwuD4qVXI/
    uq9S7P/Tcj+CFIEbQ1ZzP2g7S4ML3HM/J83KfnFldD8qbJsRjvJ0PwEwaOx6g3U/VJ6YcVIYdj+J
    th66L7F2PyaJZZouTnc/Vf5ip2vvdz83r8o7BJV4PyJzZ30WP3k/2TqXYsHteT/vgO63JKF6PxXI
    AiZhWXs/b/pbN5gWfD98AZBe7Nh8P6FpiPyAoH0/bZjyZnptfj877d3u/T9/PwFfw/MYDIA/3w+o
    1h57gD/7jnfWJO2AP4j8YrU/YoE/pbs5xYTagT83JEvrCVaCP6nbYqTl1II/7g/hCC9Xgz8pfu7Q
    /dyDP3dhzlhqZoQ/OqxNpY3zhD9vz09ogYSFP2i/fwVgGYY/6KEYl0Syhj8sStrySk+HP4A/Fq+P
    8Ic/dPzmJzCWiD+9uYeESkCJPxWHzrz97ok/rgLVnmmiij/n2b/UrlqLPyTfreruF4w/b+bbVEza
    jD8eQ+F16qGNP5A0J6Xtbo4/SGOENXtBjz8N0AS+3AyQP/9tfOvne5A/S6Z6WvPtkD/oki3OE2OR
    P62waJle25E/u9SGoulWkj8OpGVny9WSP89jfwEbWJM/3kseKvDdkz8IMq4+Y2eUPy5vLUWN9JQ/
    I+q58IeFlT/QHj+mbRqWP2hARIFZs5Y/dMjbWGdQlz+0crTEs/GXP48qTyJcl5g/MIRVmn5BmT+q
    /RkmOvCZPzFbOJWuo5o/FVBjk/xbmz+Nx1WuRRmcP/KE7Vus25w/7PFzAFSjnT/5Lw31YHCeP0Aa
    V474Qp8/FMqakaANoD9ZEuYJsXygP9oSVejB7qA/+akT8edjoT+Lefl3ONyhP4IUbGTJV6I/mQBc
    NbHWoj+U/FwFB1mjP9Lc2o7i3qM/+MVqMFxopD+lgjzxjPWkPwpWp4WOhqU/8KvYU3sbpj+Dq6J4
    brSmP8NVa8yDUac/mWI+6Nfypz/69QIriJioP+HB0r6yQqk/TWZ5nnbxqT/hGRib86SqP5Rd72FK
    Xas/TSFTgpwarD+afcZzDN2sP6EWQpy9pK0/4ZilVtRxrj8Iu1b5dUSvP4Y5hm5kDrA/jZrlMXp9
    sD9/6AeAkO+wP0gdFh68ZLE/KVTsYBLdsT+ATvswqViyPzACRg6X17I/Khh6FPNZsz/grCT/1N+z
    P67cBC5VabQ/xAJ7qYz2tD+VZxgnlYe1P++CTA6JHLY/qTc0fYO1tj+wYolNoFK3PxO4tBn887c/
    CFwDQrSZuD+qVv/x5kO5Pw5L7iWz8rk/oed0sDimuj9jAmRAmF67P9wFp2bzG7w//kBnnGzevD89
    sUtJJ6a9P9/f8MlHc74/gO6DdvNFvz/7jsdUKA/APw1be2NDfsA/OyeTIV/wwD+4lTVVkGXBPyGx
    QVTs3cE/wEc1CIlZwj+1USTyfNjCP3Rf1y7fWsM/Wrn8esfgwz90rnw3TmrEPyFg6W2M98Q/y+MN
    1ZuIxT9iFJvVlh3GPwnG+Y6YtsY/aNA23LxTxz+TxxdZIPXHP+k9UWfgmsg/BFzcMxtFyT9fAHm8
    7/PJPz7bUNV9p8o/sB/CLuZfyz8l41JbSh3MPwB40NXM38w/G4SSB5GnzT8oq/BOu3TOP2ZB3wVx
    R88/AXZeROwP0D/OCqieDH/QPymi98wt8dA//tpxlmRm0T/Xm/pRxt7RP1IOGupoWtI/CZj34GLZ
    0j8IQ3VUy1vTP1QQYwK64dM/UwDTTEdr1D8SmIg+jPjUP/kCiI+iidU//aPFqaQe1j8BnfOtrbfW
    P0vlc3jZVNc/3eJopkT21z8yDO2aDJzYP79saoRPRtk/ppEaYiz12T80kqsJw6jaPyY0Ci00Yds/
    0zdXYKEe3D9TZgMgLeHcP+cNF9f6qN0/CTOl5S523j9Z6Wmn7kjfP41jTD2wEOA/0Klr49V/4D/E
    tDWC/PHgP2Ljy+E4Z+E/VxsXWqDf4T8bS6rWSFviP5YiwNpI2uI/m0hUhbdc4z/WdliVrOLjP9k7
    CG5AbOQ/jKNYG4z55D9zwodWqYrlP07dy4qyH+Y/5rki2sK45j+GgkEi9lXnPz1CqAFp9+c/AJrX
    3Did6D9f66njg0fpP3Bo0xZp9uk/nd+FTQiq6j9tfD07gmLrP3RttHX4H+w/VVIAe43i7D8tuNm3
    ZKrtP5xKD46id+4/AyMlW2xK7z8/EZE/dBHwPwDoxjGfgPA/aqVNQcvy8D+kO0Q3DWjxP7oCmGx6
    4PE/kxfnzShc8j+l537fLtvyP7nZdMGjXfM/K+PdM5/j8z9/eh2bOW30P6tVWgSM+vQ/U/UNKrCL
    9T/+/K54wCD2P0SGhxPYufY/
yh: [-0.0007572374079340027, 0.000751950270852023, -0.0007466726697271023, 0.0007413752486786923,
  -0.0007360956486678882, 0.0007307952299991592, -0.0007255168395051679, 0.0007202200151855752,
  -0.0007149467783919014, 0.0007096581759929, -0.0007043955962803424, 0.0006991179057683053,
  -0.0006938720714195286, 0.0006886079052701188, -0.0006833832792099426, 0.0006781370511906373,
  -0.0006729357750721437, 0.0006677127718934475, -0.0006625371564758344, 0.0006573404239404307,
  -0.000652195310380414, 0.0006470254701209022, -0.0006419157807422776, 0.0006367752262848004,
  -0.000631702307228625, 0.0006265959207015019, -0.0006215608321350678, 0.0006164903294901892,
  -0.0006114981318236688, 0.0006064627613691938, -0.0006015165797573224, 0.0005965201357366935,
  -0.0005916192184730214, 0.0005866642954574429, -0.0005818130416302145, 0.0005768975431931779,
  -0.000572098918153795, 0.0005672267509676297, -0.0005624795442811879, 0.000557651033966477,
  -0.0005529609985485236, 0.0005481749519043262, -0.0005435410557381037, 0.0005388013282644454,
  -0.0005342269856568216, 0.0005295297921323843, -0.0005250163193754367, 0.0005203659374998534,
  -0.000515915110421115, 0.0005113071795468594, -0.0005069206025363366, 0.0005023588967718461,
  -0.0004980394345913359, 0.0004935197366880388, -0.0004892667956550203, 0.00048479058545513085,
  -0.0004806095762572133, 0.00047617603989272994, -0.00047206593605863764, 0.000467671190920327,
  -0.0004636342942300701, 0.00045927922315757704, -0.0004553200181785964, 0.0004510034383456205,
  -0.0004471232352941808, 0.00044284137443909965, -0.00043904134480223753, 0.00043479121665446625,
  -0.00043107420322205316, 0.000426853552461766, -0.0004232230943430306, 0.00041902926375736704,
  -0.00041548890349376146, 0.0004113185136491703, -0.00040787185364932633, 0.00040372091810910067,
  -0.00040037183550727166, 0.0003962358541367742, -0.0003929886361214301, 0.0003888625954398075,
  -0.00038572201329966103, 0.0003816003397515619, -0.00037857170663270425, 0.0003744482040754131,
  -0.00037153743617487954, 0.0003674052167136134, -0.00036461890306822804, 0.0003604703119427824,
  -0.00035781579360177716, 0.00035364232678231924, -0.00035112778566269545, 0.00034691999868228737,
  -0.0003445545567050611, 0.00034030196326486267, -0.00033809579260974016, 0.00033378675172740144,
  -0.0003317511974140624, 0.00032737278763380647, -0.00032552050358299956, 0.0003210583828929574,
  -0.00031940348315150877, 0.0003148417327516226, -0.00031339995942801844, 0.00030872090975621677,
  -0.000307509819688607, 0.00030269385661897897, -0.00030173302870261585, 0.00029675837764868337,
  -0.0002960696433872205, 0.0002909121289258113, -0.00029051982861945424, 0.0002851526067984996,
  -0.00028508387441642164, 0.00027947713478181893, -0.0002797622146596776, 0.0002738828484808297,
  -0.0002745554474649268, 0.00026836667851288376, -0.0002694643576172384, 0.000262925331115906,
  -0.0002644899410026015, 0.0002575552662249404, -0.0002596334316211938, 0.00025225267282993766,
  -0.0002548963312300007, 0.0002470134411432523, -0.00025028044202331836, 0.00024183313142935966,
  -0.00024578790280426155, 0.00023670693908111712, -0.00024142122885633652, 0.00023162965537636924,
  -0.00023718335608553987, 0.00022659562370668998, -0.00023307768990302614, 0.0002215986906307468,
  -0.00022910815939778314, 0.00021663215114586337, -0.0002252792773690118, 0.00021168868766598364,
  -0.00022159620690355121, 0.0002067603018854371, -0.00021806483528927562, 0.00020183823884674905,
  -0.00021469185604196646, 0.00019691290229470186, -0.0002114848599941231, 0.00019197376030220185,
  -0.00020845243647787013, 0.0001870092402179386, -0.0002056042857331337, 0.00018200661158756902,
  -0.00020295134381748337, 0.0001769518558304273, -0.0002005059214231297, 0.00017182952112637607,
  -0.00019828185818140565, 0.000166622560887744, -0.00019629469416579688, 0.00016131215397921544,
  -0.00019456186061047708, 0.00015587750464371526, -0.000193102891860369, 0.00015029561987824799,
  -0.00019193966112615298, 0.00014454106169984292, -0.00019109664253033384, 0.00013858567157435124,
  -0.00019060120252023524, 0.00013239826383650474, -0.00019048392388432652, 0.00012594428465445326,
  -0.00019077896600913914, 0.00011918543271281612, -0.0001915244654721425, 0.00011207923734878937,
  -0.00019276298140255622, 0.00010457858938292095, -0.00019454199068051487, 9.663121941297115e-05,
  -0.00019691443846788024, 8.817911769844697e-05, -0.0001999393502158265, 7.91578892146863e-05,
  -0.0002036825120326335, 6.949603661256873e-05, -0.0002082172269015138, 5.9114163206206935e-05,
  -0.00021362515520838412, 4.7924087085192326e-05, -0.0002199972488223217, 3.582785660348245e-05,
  -0.00022743478907152849, 2.2716656414845054e-05, -0.00023605053998184837, 8.469592031945593e-06,
  -0.00024597002940670784, -7.047660296200878e-06, -0.0002573329719938951, -2.3984353126510624e-05,
  -0.00027029484939770703, -4.250633289597793e-05, -0.00028502866474798604, -6.279788843915829e-05,
  -0.00030172689014284105, -8.506380264555439e-05, -0.00032060362779775137, -0.00010953162891725664,
  -0.00034189700769611867, -0.00013645421628770004, -0.0003658718466078918, -0.0001661125094045417,
  -0.00039282259602522996, -0.00019881865207172641, -0.000423076608969292, -0.00023491942578142503,
  -0.00045699775857326454, -0.00027480005752956934, -0.0004949904442207026, -0.0003188884342890448,
  -0.000537504024208324, -0.00036765976471862577, -0.0005850377171702486, -0.00042164173203633216,
  -0.0006381460178945931, -0.0004814201854047566, -0.0006974446766286865, -0.0005476454206445123,
  -0.0007636172944231628, -0.0006210391045703057, -0.0008374225904089992, -0.0007024019003932899,
  -0.0009197024000854878, -0.0007926218547583445, -0.0010113904664355226, -0.0008926836093682486,
  -0.0011135220878639752, -0.0010036785020276122, -0.0012272446882995252, -0.0011268156226569518,
  -0.0013538293749364115, -0.0012634338892037493, -0.0014946835475305351, -0.001415015205876061,
  -0.00165136461947324, -0.001583198760998497, -0.001825594904267151, -0.0017697965134609065,
  -0.0020192777106329235, -0.0019768099040295573, -0.002234514674257281, -0.0022064478097898314,
  -0.0024736243327927337, -0.002461145734651844, -0.0027391619214710916, -0.0027435861953059764,
  -0.003033940327611743, -0.003056720216748707, -0.003361052090975153, -0.0034037897932266527,
  -0.003723892270198957, -0.0037883510946789133, -0.004126181910054391, -0.004214298102319517,
  -0.004571991735775707, -0.0046858862348935024, -0.005065765563641209, -0.005207755374300529,
  -0.005612342746214223, -0.005784951508169842, -0.006216978758278527, -0.006422945971669673,
  -0.006885362768324866, -0.007127650981392899, -0.007623630720715643, -0.00790542980184024,
  -0.008438372066013266, -0.008763099458946542, -0.00933662780975356, -0.009707923404202484,
  -0.010325876992391899, -0.010747590925985942, -0.011414008054161921, -0.011890179390671062,
  -0.012609270767202098, -0.013144094566216189, -0.013920203527751572, -0.014517983330394215,
  -0.015355529789639758, -0.016020611995052003, -0.016924016293557144, -0.017660702298454303,
  -0.01863428452100297, -0.019446715858214655, -0.020494565519578914, -0.021386576582839757,
  -0.022512386961175867, -0.023487319295153353, -0.02469418012284592, -0.025754651753852616,
  -0.027044793554072136, -0.028192416538403514, -0.029566899759714035, -0.030801939175800375,
  -0.03226028156313998, -0.03358124976784308, -0.03512098636723153, -0.036524167728687044,
  -0.03814033983600447, -0.03961924368441681, -0.04130381630071373, -0.04284855992645776,
  -0.04458977233441933, -0.04618640202152114, -0.047968063503656524, -0.04959783040211874,
  -0.05139858351170143, -0.05303720326307047, -0.05482979105748345, -0.05644673213244505,
  -0.058197323971007076, -0.05975519011228067, -0.06142284336325143, -0.0628769405450062,
  -0.06441330271688607, -0.0657115101401273, -0.06706089663982956, -0.0681439929988841,
  -0.06924400768686013, -0.07004663513312123, -0.0708295299239385, -0.07128200340972124,
  -0.07167699248311282, -0.07170817297461198, -0.07164491638680498, -0.07118635048170953,
  -0.07059978671071385, -0.06959125601324005, -0.06842787480445722, -0.0668243758836723,
  -0.06504986039022459, -0.06282982863096098, -0.060437738453187326, -0.0576120182238932,
  -0.05463281876672384, -0.051253461682241014, -0.04776273462876142, -0.043930196436643684,
  -0.040054329779959354, -0.03592109800501488, -0.031838245650544786, -0.02760649382261563,
  -0.023540283743799125, -0.019451026676371573, -0.015654639793512445, -0.011966355317246916,
  -0.008695523486752316, -0.0056516530182613356, -0.0031271664352513716, -0.0009145940238887071,
  0.0007217482722427483, 0.0020171871372939862, 0.002744817938844052, 0.0031750639365207244,
  0.003122132773629304, 0.002891140677436221, 0.002331518546824655, 0.0017714648408855911,
  0.0010775211331539442, 0.0005770416017539056, 0.0001243916197472736, 1.3649872096716595e-05,
  5.358554829198915e-05, 0.0004745442896238972, 0.0010158524809955282, 0.001831801778864563,
  0.0025951581800368368, 0.003405917446478612, 0.003911734059517877, 0.004218539941792406,
  0.00402250456461478, 0.0035143717364077825, 0.002510255184726005, 0.0013357387536607488,
  -5.968646178187019e-05, -0.0012498756581130993, -0.002239492842550699]
yh2: !!python/object/apply:numpy.core.multiarray._reconstruct
  args:
  - *id001
  - !!python/tuple [0]
  - !!binary |
    Yg==
  state: !!python/tuple
  - 1
  - !!python/tuple [387]
  - *id002
  - false
  - !!binary |
    S2zwFOh9L8AvReCU9HIuQFN9lDyRcC3AxJDrfS92LECNzk3O7oMrwP+0XbkwmSpA7QEf0x+2KcBH
    D5ZyIdooQFkIlS5cBSjABxId1EA3J0C3+USX8m8mwKCXpFXlriVAWwC35EX0JMBdf7N/fT8kQJf1
    DxHMkCPA5xv98I3nIkBuJDkWEEQiwJ+daWytpSFAhl1ksLMMIcAh6h96g3ggQKAVQDzZ0h/Ac820
    TZe9HkCtOggM/7EdwMyEefStrhxAHybJcoG0G8ASbHo/DMIaQJWVUbEy2BnAQYmNiYv1GEA4VcGI
    BxsYwBhjRFQqRxdA2IhbFwh7FsCO2s3oC7UVQAWMW9Fc9hTASYwwnmM9FEBwwIKBU4sTwM5MlzqC
    3hJAR+LFUkY4EsAMHMlW3JYRQI5/AYat+xDAgxJ/oO5kEEAThbqYP6gPwELitzexjg5A47Rs1XSA
    DcBNHLwTmHkMQFvCg8qDfQvAHIsYKRSICkA55von+5wJwGxLCmXjtwhAbnMhvazcB8CteTkjzgYH
    QFETFD1yOgbAUmJCrdhyBUBiW6uTY7QEwKoMYfkT+gNABTwR+pdIA8CV5E8jt5oCQEmpBMJk9QHA
    S8cvWx9TAUCHVpIoJLkAwPthTeWtIQBA0wlVCpok/7/v4HvZ4wn+P23wYH/9/vy/0ePxpiP3+z9/
    YsVyx/76vxzOwd58CPo/+Tvu/G4h+b/BwcWwgDv4Pz43wsufZPe/H34xQfKN9j8kyeRxMcb1v4bp
    hNG6/fQ/HsvJzB1E9L9+MUX+44jzP3tuslJ+3PK/wu/OppYt8j/zXfBqi43xv7+gxRka6vA/MxyZ
    QJtV8L+baMAxpXnvP+q3aSlAZu6/JDuvKH9I7T+uEj3sTEnsv2BFudPzPes/QlUAGqdR6r90bHt8
    ZFfpP/ZdeQbHfOi/9duf516S5z9JPN4QUMjmvxXJAHaa7OU/IHBp3Q0y5b+zOvB09WPkP74DCrzx
    t+O/5PismXL24j8KXJg4EFjiv7ih/qQ2ouE/T6H50Z4Q4b8BO2UshmXgPzV3Dqvjv9+/eZASDYd9
    3j+fhKy59Ijdv7bKmrHZWNw//TUR14h5278EHDyINFraP0N9HFfqjtm/7upaXvh+2D9DM6yLksbX
    v/1CcVizxNY/Z23GqyYe1r/ybtLxHSnVPxnmL+10k9S/LOklLRiq0z97zX/NcSTTv98//fKmRdI/
    v4/UhzXP0b8an3Wb8fnQP2L1XbT5kdC/+fH2QH+Kzz9vDdIeLtbOvx7ULOzsS80/9dVcygayzL+S
    LM8MLzXLP3Ir8UCftMq/Z/x4nnxDyT9I0HTzS9vIvyw43j09dMc/zoNEiZAjx79PcZ/dBcXFP4IW
    wbQci8W/Zh5JspUzxD8w/kU9yQ/Ev84q3FHTvcI/CI1oO5Wvwr+Ce+kDymHBP90wToSjaMG/CmPz
    PqcdwD/KzA9BODnAvzpJTaBw370/oL23Xm0/vr99iJ1V0Ky7PxbqZBE+Nby/au2ouXqguT+xop8b
    GVG6v8Wj9kuwt7c/eOXCZ2eQuL+VSglf4e+1P9WGv+LA8La/IKIrxKpGtD/nrANR6W+1vxBb+a/S
    ubI/yW25Ws0LtL9ZTp/TRUexP5L1zMt/wrK/zJEWTynarz/0j1UEN5KxvxRdQsjhUq0/Ik9Flkp5
    sL9o89BKVvWqP270tRpi7K6/2s6lbWG+qD9qi2+9+w6tv1tsvggTq6Y/e8ma+r5Xq7/NRS5drLik
    P0NU+CE7xKm/i9fxfZzkoj+UJ86bLlKovyrwWfV8LKE/jZgL1IP/pr/gGHFFHRyfP1/M5V1OyqW/
    rV3wmG0OnD8WwDFMyLCkv6fq+cX4K5k/qjwru0+xo78O3szhCnGWP+/4UYhkyqK/537sainakz+V
    moI1pvqhv2rYXcwOZJE/PDNt9NFAob/zCjpTTBeOP1ZFytfAm6C/pqWI3A6ciT8hqPonZgqgvw0f
    jjjnUIU/QQ1esZsXn78xbeyoojCBPx5BJjs2Pp6/z3hvU6Zsej+8r+A3Doedv8kDS6SSunI/6yP6
    br/wnL+O119HOoRmP2loKPEMepy/I6moPPzVTz+gw3UU3yGcv8HFqvN+HUm/ROvanEHnm79fv2yT
    D0Jkv3VGiw5iyZu/UII9ItUEcb/4jDsnjsebv78Qo55j1ne/MS/RezLhm78LipbwxZx+v7gA+DfZ
    FZy/zj4bwm6vgr9KkWD9KGWcv1kQxOywEYa/6Rsw4OPOnL9/s0S/c3iJv5X6gH7mUp2/gvGRV/Pm
    jL+HXKgwJ/Gdvwr44mcwMJC/VBAIULWpnr9JKx2d8vORv86EFpK4fJ+/OtPcOlLAk7+NWqg6ODWg
    vycdK+3flpW/IlHB3pm5oL92omlfLHmXv+itY/63S6G/RGDjaslomb9+yi+T1Ouhv4CmZzBLZ5u/
    29AZlDyaor+CYKkbSXadvzdbvMNHV6O/a7KOzl6Xn792dEx+WCOkvznZBnkW5qC/5MnvhNv+pL/p
    Tbv0LAuiv8Rm8MNH6qW/Jx8rMsk7o7/wwOgQHuamv8eqDuXEeKS/dkuU3ejyp7/SP+I8/cKlv836
    bNs7Eam/51gy61Ibp79UqqiLs0Gqv/+PMQyqgqi/6qx0tvSEq78+kJzs6fmpv+SvfsOr26y/dRkG
    p/yBq78Vlezsi0auv/9Vn5HOG62/UyjORE7Gr7+3QFp0Tciuv4r160HYrbC/0sP2vjNEsL9xtmTL
    uYOxv7f/WfaELrG/Pqkj7yxlsr/cK1KvjyOyv4dAjYmSUrO/ttLT3MYjs7+y113fSUy0vyujsc2Z
    L7S/L+HiGq9Stb8KO46ecke1v6eDsH8ZZra/INLWWrRrtr8dp/lI2Ya3v1AjT8C4nLe/zIcwJTW1
    uL/o7SeXzdq4v8Um/j9n8bm/Rgj3jjEmur88/vfJmTu7v3kzO48Qf7u/PRTR6+KTvL82HW9of+W8
    v8LiKBFA+r2/Iugk0XZZvr/kbqx1kG6/v1RMVpnN2r+/7/YPb0d4wL8W4Jj+mLTAvx6tJzPlP8G/
    37o3ABGCwb8DEIwmzw3Cv9jN+F1xVcK/7eCLVJThwr+Mf8VEOy7Dv8OwwvmfusO/ifbi/sgLxL9m
    RPatM5jEv8GhC9NH7cS/nETV72B5xb+u1fJFsdHFvwPREBYCXca/CJiexcO3xr/+WdqxskHHv+9j
    FdD6nce/ZYySesclyL9J44S0hoLIv48dOOpFB8m/Kn0bIERjyb9ogsjG2+PJv+qxPL+zPcq/gHk8
    79a4yr8ZVnZZ8g7Lv3h5CeQdg8u/zj+S87HTy78AHOyrKT/Mv+5KA7A0iMy/hXG/5gHpzL/ouQdb
    SijNv09vQBk8fM2/Uym4zFGvzb9TvNN8//PNv64oLY4/GM6/CCA14w5Lzr/AGml0q13Ov/vSpoLa
    e86/kieaJed5zr89ZOO7m4DOv7j3uLEfZ86/V4SlE31Tzr9yZt1/jB/OvyN5jZzQ7s2/QI85ua2d
    zb/EvITTVk3Nvx66+fWb3My/53tQWZdqzL+ujY0catjLv5KUutlLQ8u/a5g9+JiOyr8mR8Go29XJ
    v2kq4NyZ/si/wbAn/uMiyL9cwhOUWirHv3ULSh/FLca/LEMJt9AWxb9nnVcwKP3Dv68ZYo51zMK/
    dhWV/Wubwb/X023pnVfAv7+dBKXCLb6/IBaynCeRu7/a7irBdAO5v+7ymWOnZra/twyKwhvjs7+L
    Lxb9m12xv6q8QEdB+a2/qpWu70pOqb9wsbYguwKlvzCMR5ps56C/UGlzI1R+mr+D3bJp97eTvxtt
    MbhN54u/bAml3J2ogb8fZ0UZCwdzvwttWWqIrFW/vUY9GmKnUD+O+PqZAqlmPwFoKAnQBW4/mLfu
    R03ocD+6mPreJTBwP5FblIoeMW0/89gT8wDsZj9BNP5xIfVgP5KnGvUmFlQ/jup2hZjyRD8Y1mXr
    VZYhP+N9jZXeEO4+37bSmCi7DD9MPyX5v/c+Py2ZpysSI1A/t02wsjFVXD9WkV9NsIpjP0+bB0rS
    +Gg/56FodQXtaz86Us7d21JtP0/HwlmoOWs/4pbW2/8oZz9st+uxihtgP3zSIrzmsFA/cOag/QY9
    B7/HDaNvKZ1Nv2weq9Ii1Vm/
