f: [2.7536778251651e-07, 2.8885121014352004e-07, 3.0295515888966e-07, 3.1771020068395e-07,
  3.3314834613453003e-07, 3.4930311680300996e-07, 3.6620962095168e-07, 3.839046331619e-07,
  4.0242667764406003e-07, 4.218161158583e-07, 4.421152383811e-07, 4.6336836128378e-07,
  4.856219274238e-07, 5.089246126257e-07, 5.3332743736537e-07, 5.5888388384204e-07,
  5.856500190567e-07, 6.136846239929101e-07, 6.4304932941441e-07, 6.7380875834921e-07,
  7.0603067595026e-07, 7.3978614677808e-07, 7.751497001649601e-07, 8.121995038749e-07,
  8.510175467373e-07, 8.916898302433e-07, 9.3430657049541e-07, 9.7896240981556e-07,
  1.02575663900397e-06, 1.07479343244245e-06, 1.12618209329175e-06, 1.1800373118903e-06,
  1.23647943834105e-06, 1.29563476771035e-06, 1.35763584059672e-06, 1.42262175912279e-06,
  1.4907385187825902e-06, 1.5621393575064901e-06, 1.63698512311529e-06, 1.71544465906475e-06,
  1.7976952102312001e-06, 1.88392284996854e-06, 1.9743229286861e-06, 2.0691005459467e-06,
  2.1684710467832e-06, 2.2726605436213e-06, 2.3819064652968e-06, 2.4964581343818002e-06,
  2.6165773743876e-06, 2.7425391484486002e-06, 2.8746322309507e-06, 3.0131599141186997e-06,
  3.1584407510338e-06, 3.3108093373138e-06, 3.4706171331557e-06, 3.6382333281198e-06,
  3.8140457506945e-06, 3.9984618250278e-06, 4.191909577291799e-06, 4.3948386942238e-06,
  4.6077216365287e-06, 4.831054810092201e-06, 5.065359797836e-06, 5.3111846554833e-06,
  5.5691052744304e-06, 5.8397268152901e-06, 6.1236852156893e-06, 6.4216487760111e-06,
  6.7343198274409e-06, 7.0624364860725e-06, 7.4067744979781995e-06, 7.768149179224001e-06,
  8.1474174566594e-06, 8.5454800136872e-06, 8.9632835463669e-06, 9.401823136990801e-06,
  9.862144748160601e-06, 1.03453478473063e-05, 1.08525881637179e-05, 1.13850805897656e-05,
  1.19441022291788e-05, 1.25309956014831e-05, 1.31471720122458e-05, 1.3794115093750401e-05,
  1.44733845279003e-05, 1.5186619958351999e-05, 1.5935545101366e-05, 1.6721972068067002e-05,
  1.7547805902791e-05, 1.8415049355482e-05, 1.9325807892230998e-05, 2.028229496178e-05,
  2.1286837525881e-05, 2.2341881869919e-05, 2.3449999704455e-05, 2.4613894573209e-05,
  2.5836408583091e-05, 2.7120529468101e-05, 2.8469398008779e-05, 2.9886315817897e-05,
  3.1374753513858e-05, 3.2938359299474e-05, 3.4580967962755005e-05, 3.6306610322754e-05,
  3.8119523138472e-05, 4.0024159503042e-05, 4.2025199746566e-05, 4.4127562868976e-05,
  4.6336418527775e-05, 4.8657199606584e-05, 5.1095615388912e-05, 5.3657665365127996e-05,
  5.6349653700221e-05, 5.9178204391477e-05, 6.215027714659301e-05, 6.527318401173601e-05,
  6.8554606783988e-05, 7.2002615239437e-05, 7.56256862113e-05, 7.9432723557562e-05,
  8.3433079045063e-05, 8.7636574201737e-05, 9.205352316026501e-05, 9.669475654636701e-05,
  0.00010157164644351201, 0.000106696132478281, 0.000112080749073371, 0.000117738653906484,
  0.000123683657623477, 0.00012993025484561, 0.00013649365652606, 0.00014338982369953,
  0.00015063550266762, 0.00015824826166981, 0.0001662465290994, 0.00017464963329620001,
  0.00018347784397925002, 0.00019275241535492, 0.00020249563096882002, 0.00021273085032251997,
  0.00022348255733226, 0.00023477641064657, 0.00024663929589668, 0.00025909937989655003,
  0.00027218616685188, 0.00028593055661199, 0.00030036490500049003, 0.00031552308625327997,
  0.00033144055759777997, 0.00034815442600331003, 0.00036570351710831997, 0.00038412844634912,
  0.00040347169229327, 0.00042377767218201, 0.0004450928196655, 0.0004674656647197,
  0.0004909469157253, 0.0005155895436440201, 0.0005414488682802001, 0.00056858264652846,
  0.00059705116254473, 0.00062691731975089, 0.00065824673454275, 0.0006911078315808301,
  0.00072557194050706, 0.00076171339390903, 0.00079960962632425, 0.00083934127406423,
  0.0008809922755918199, 0.00092464997215787, 0.00097040520837965, 0.00101835243239007,
  0.0010685897951451, 0.0011212192484842001, 0.001176346641385, 0.0012340818139464,
  0.0012945386884074, 0.0013578353566913999, 0.0014240941635990999, 0.0014934417850357002,
  0.0015660093003165001, 0.0016419322576434, 0.0017213507319044001, 0.0018044093735071999,
  0.001891257447257, 0.0019820488599873003, 0.002076942175632, 0.0021761006161641,
  0.0022796920471583, 0.0023878889459994, 0.0025008683512208, 0.0026188117910528,
  0.0027419051890612, 0.0028703387449838, 0.0030043067883703, 0.0031440076026911,
  0.0032896432174762003, 0.0034414191657549, 0.0035995442041351, 0.0037642299925771,
  0.0039356907307162, 0.0041141427478050005, 0.0042998040426832996, 0.0044928937705623,
  0.004693631672954599, 0.004902237447051001, 0.0051189300508691, 0.0053439269401878,
  0.0055774432332569, 0.0058196907993774, 0.006070877267163899, 0.0063312049482673,
  0.0066008696726311, 0.0068800595308792, 0.0071689535199589, 0.007467720087919, 0.007776515573957,
  0.008095482539907, 0.008424747989881, 0.008764421474361, 0.009114593076240001, 0.009475331275805,
  0.009846680692734, 0.010228659703306, 0.010621257932083, 0.011024433616569998, 0.011438110847372,
  0.01186217668208, 0.012296478137836001, 0.012740819064382, 0.013194956901307, 0.013658599327641,
  0.014131400808570999, 0.014612959048629, 0.01510281136369, 0.015600430981203998,
  0.016105223285883, 0.016616522026132, 0.017133585500222998, 0.017655592743864, 0.01818163974274,
  0.018710735695449, 0.019241799353767998, 0.019773655469543, 0.02030503137701, 0.020834553739399,
  0.021360745487492, 0.021882022977658, 0.022396693393186, 0.022902952415613, 0.023398882194122998,
  0.023882449645674, 0.024351505132391, 0.024803781575045, 0.025236894079714998, 0.025648340174211002,
  0.026035500762615, 0.026395641921099, 0.02672591765621, 0.02702337374499, 0.02728495275833,
  0.02750750035326, 0.02768777288811, 0.02782244639227, 0.02790812689808, 0.02794136213167,
  0.02791865455685, 0.0278364757731, 0.02769128227615, 0.02747953259196, 0.02719770579584,
  0.02684232141631, 0.02640996071163, 0.02589728929485, 0.02530108106237, 0.02461824337158,
  0.02384584339306, 0.02298113554997, 0.02202158993828, 0.02096492160105, 0.01980912051266,
  0.018552482103869998, 0.01719363813348, 0.015731587690939998, 0.01416572808407,
  0.012495885340569998, 0.010722344027200001, 0.008845876061170002, 0.0068677681667699995,
  0.0047898476088100005, 0.002614505813890001, 0.00034471948142999944, -0.00201593122616,
  -0.00446324782444, -0.0069924023910240005, -0.00959793060058, -0.01227372931667,
  -0.015013059145539999, -0.01780855235769, -0.02065222657362, -0.02353550457089,
  -0.02644924045647, -0.029383752208199998, -0.0323288601667, -0.035273930455800004,
  -0.0382079216449, -0.0411194325337, -0.0439967491878, -0.0468278906897, -0.0496006555741,
  -0.0523026739888, -0.0549214726796, -0.057444558832199996, -0.059859523502, -0.062154158265700005,
  -0.0643165746245, -0.06633531743, -0.06819946882359999, -0.06989874359789999, -0.071423578396,
  -0.0727652165126, -0.0739157886677, -0.0748683889497, -0.0756171444349, -0.0761572768563,
  -0.0764851548366, -0.0765983356535, -0.07649559592970001, -0.0761769511068, -0.0756436638935,
  -0.0748982421192, -0.0739444266405, -0.0727871699664, -0.0714326064072, -0.06988801447269999,
  -0.0681617722905, -0.0662633066947, -0.06420303663053, -0.06199231135864, -0.059643343894378004,
  -0.05716913998232, -0.05458342282369, -0.0519005536769, -0.049135448403800006, -0.046303489979700005,
  -0.043420436998799994, -0.040502328223299994, -0.037565383276900004, -0.03462589966290001,
  -0.031700146391, -0.028804254499500005, -0.025954104985700006, -0.02316521444759999,
  -0.0204526190223, -0.01783075694450001, -0.015313350206399998, -0.012913285742999991,
  -0.0106424966783, -0.008511844372599997, -0.006531002338699993, -0.004708343433299997,
  -0.003050832106900006, -0.0015639236114999983, -0.00025147180779999667, 0.0008843536305000038,
  0.001843141219199998, 0.002626305136199991, 0.0032371500613999904, 0.0036809376619000023,
  0.0039649580444999985, 0.004098606304400003, 0.004093459578299999, 0.003963343554499999,
  0.0037243713874100005, 0.0033949302982000003, 0.002995584773599999, 0.002548856656999998,
  0.0020788255605, 0.001610524408799996, 0.0011689563929999924, 0.0007777580409999985,
  0.00045728750400000906, 0.0002220247519999774, 7.709242799999738e-05, 1.368586799999072e-05,
  0.0, 0.0]
r: !!python/object/apply:numpy.core.multiarray._reconstruct
  args:
  - &id001 !!python/name:numpy.ndarray ''
  - !!python/tuple [0]
  - !!binary |
    Yg==
  state: !!python/tuple
  - 1
  - !!python/tuple [387]
  - &id002 !!python/object/apply:numpy.dtype
    args: [f8, 0, 1]
    state: !!python/tuple [3, <, null, null, null, -1, -1, 0]
  - false
  - !!binary |
    EHZa5qs2CT8iVQCRHOUJP9zw8hhEmAo/mGLkG0NQCz+K/C0ZOw0MP+wi6ndOzww/HOc2jaCWDT8D
    /6SiVWMOPxnf0vySNQ8/whsbcb8GED/adglRoHUQP70J0k2A5xA/VGq6InRcET+tl3YakdQRP5Ue
    CRPtTxI/Npq+gZ7OEj81OkR3vFATP5tu2qNe1hM/02mlW51fFD/UyxqbkewUPyntjQtVfRU/MXrc
    BwISFj86rjmhs6oWP4U/HaSFRxc/Q3tRnZToFz97/Cbf/Y0YPx+dyobfNxk/KJLBgVjmGT/iq4mT
    iJkaP5BbY1uQURs/bqpBWpEOHD/jPuD4rdAcP0sWD44JmB0/snMWZchkHj9iXF7EDzcfP8RsF/qC
    ByA/xtLUIml2ID8qYvyMTuggP0QB0PRHXSE/EVEHpmrVIT9BKLB/zFAiP5/zKPiDzyI/aFw4IahR
    Iz8XZD+sUNcjP7yWi+6VYCQ/niLD5ZDtJD/MtnI8W34lP+PHuU4PEyY/DDsVL8irJj+yyE+roUgn
    P3HFkFG46Sc/KtKNdSmPKD8k9OM1EzkpP+BTkYGU5yk/NISXHc2aKj95McWq3VIrPzNopKvnDyw/
    S5WXig3SLD+ojRqgcpktP6z/Mzk7Zi4/I/0Pnow4Lz94L2WMRggwP+/QMv4xdzA/H1f71RzpMD81
    /P3QG14xP3K+9jtE1jE/BLv99qtRMj+9PoN5adAyP4S0Z9aTUjM/FsEtwELYMz8LxUqNjmE0Pzad
    ljyQ7jQ/svjWeWF/NT/ELWyiHBQ2P15tHsrcrDY/U50LwL1JNz9fsbYT3Oo3P9IrPBpVkDg/74yn
    80Y6OT+DunCQ0Og5P8EmHbcRnDo/VO8ICitUOz+qPFgNPhE8P1EJEC1t0zw/mDpcw9uaPT9r+f0e
    rmc+P7d86IkJOj8/biYFKAoJQD96MCPj+ndAPwj3zijr6UA/GAhFt+9eQT//wkTcHddBP5Nj8XiL
    UkI/zqbNBU/RQj8YBdOWf1NDP1xapd802UM/CmjjN4diRD9BdZWfj+9EPzV5usNngEU/Bqj0AioV
    Rj9FplZy8a1GPyNjUeLZSkc/uZHE4//rRz96LTLNgJFIP/q9FcB6O0k/MVZgrgzqST+nIxtgVp1K
    P4iNMHl4VUs/0yddf5QSTD8pl0rgzNRMPxT50/dEnE0/Gjl1FiFpTj8yR+iHhjtPP7er98zNCVA/
    jaWm0cN4UD8B0neFuepQP/tspafDX1E/1e7xhvfXUT8b+osFa1NSP+eXCJ000lI/I056YmtUUz8c
    LKcKJ9pTP9gPVu5/Y1Q/x86/Do/wVD957B0aboFVP9YOVHA3FlY/yAm+JwavVj9HziES9ktXP4yu
    usEj7Vc/XvdwjqySWD9hFy+brjxZPxT/YNtI61k/GneSGJueWj8P6Dv4xVZbP/FttAHrE1w/FoNI
    pCzWXD9KoYI9rp1dP+aWmh+Ual4/0HwQmAM9Xz9pKz17kQpgPz2cvcmMeWA/PeT264frYD/mTh+i
    l2BhPw7A/jvR2GE/wDLOnEpUYj8txjQ/GtNiP/stXzlXVWM/baIzQRnbYz9xqqKweGRkPxk2F4qO
    8WQ/v4QCfXSCZT8pLIrqRBdmPzgkVuoasGY/78h9TxJNZz8WKJqtR+5nP4Wt+F3Yk2g/aN30hOI9
    aT8xx3IXhexpPxP9guDfn2o/OIsshxNYaz8SV16UQRVsPyEDCnmM12w/ZAtplBefbT/pkG46B2xu
    P9BPYrqAPm8/rWvWMlULcD+lkmjLVXpwP6fBS1xW7HA/EsWzpmthcT/Iz2v7qtlxP5dwuD4qVXI/
    uq9S7P/Tcj+CFIEbQ1ZzP2g7S4ML3HM/J83KfnFldD8qbJsRjvJ0PwEwaOx6g3U/VJ6YcVIYdj+J
    th66L7F2PyaJZZouTnc/Vf5ip2vvdz83r8o7BJV4PyJzZ30WP3k/2TqXYsHteT/vgO63JKF6PxXI
    AiZhWXs/b/pbN5gWfD98AZBe7Nh8P6FpiPyAoH0/bZjyZnptfj877d3u/T9/PwFfw/MYDIA/3w+o
    1h57gD/7jnfWJO2AP4j8YrU/YoE/pbs5xYTagT83JEvrCVaCP6nbYqTl1II/7g/hCC9Xgz8pfu7Q
    /dyDP3dhzlhqZoQ/OqxNpY3zhD9vz09ogYSFP2i/fwVgGYY/6KEYl0Syhj8sStrySk+HP4A/Fq+P
    8Ic/dPzmJzCWiD+9uYeESkCJPxWHzrz97ok/rgLVnmmiij/n2b/UrlqLPyTfreruF4w/b+bbVEza
    jD8eQ+F16qGNP5A0J6Xtbo4/SGOENXtBjz8N0AS+3AyQP/9tfOvne5A/S6Z6WvPtkD/oki3OE2OR
    P62waJle25E/u9SGoulWkj8OpGVny9WSP89jfwEbWJM/3kseKvDdkz8IMq4+Y2eUPy5vLUWN9JQ/
    I+q58IeFlT/QHj+mbRqWP2hARIFZs5Y/dMjbWGdQlz+0crTEs/GXP48qTyJcl5g/MIRVmn5BmT+q
    /RkmOvCZPzFbOJWuo5o/FVBjk/xbmz+Nx1WuRRmcP/KE7Vus25w/7PFzAFSjnT/5Lw31YHCeP0Aa
    V474Qp8/FMqakaANoD9ZEuYJsXygP9oSVejB7qA/+akT8edjoT+Lefl3ONyhP4IUbGTJV6I/mQBc
    NbHWoj+U/FwFB1mjP9Lc2o7i3qM/+MVqMFxopD+lgjzxjPWkPwpWp4WOhqU/8KvYU3sbpj+Dq6J4
    brSmP8NVa8yDUac/mWI+6Nfypz/69QIriJioP+HB0r6yQqk/TWZ5nnbxqT/hGRib86SqP5Rd72FK
    Xas/TSFTgpwarD+afcZzDN2sP6EWQpy9pK0/4ZilVtRxrj8Iu1b5dUSvP4Y5hm5kDrA/jZrlMXp9
    sD9/6AeAkO+wP0gdFh68ZLE/KVTsYBLdsT+ATvswqViyPzACRg6X17I/Khh6FPNZsz/grCT/1N+z
    P67cBC5VabQ/xAJ7qYz2tD+VZxgnlYe1P++CTA6JHLY/qTc0fYO1tj+wYolNoFK3PxO4tBn887c/
    CFwDQrSZuD+qVv/x5kO5Pw5L7iWz8rk/oed0sDimuj9jAmRAmF67P9wFp2bzG7w//kBnnGzevD89
    sUtJJ6a9P9/f8MlHc74/gO6DdvNFvz/7jsdUKA/APw1be2NDfsA/OyeTIV/wwD+4lTVVkGXBPyGx
    QVTs3cE/wEc1CIlZwj+1USTyfNjCP3Rf1y7fWsM/Wrn8esfgwz90rnw3TmrEPyFg6W2M98Q/y+MN
    1ZuIxT9iFJvVlh3GPwnG+Y6YtsY/aNA23LxTxz+TxxdZIPXHP+k9UWfgmsg/BFzcMxtFyT9fAHm8
    7/PJPz7bUNV9p8o/sB/CLuZfyz8l41JbSh3MPwB40NXM38w/G4SSB5GnzT8oq/BOu3TOP2ZB3wVx
    R88/AXZeROwP0D/OCqieDH/QPymi98wt8dA//tpxlmRm0T/Xm/pRxt7RP1IOGupoWtI/CZj34GLZ
    0j8IQ3VUy1vTP1QQYwK64dM/UwDTTEdr1D8SmIg+jPjUP/kCiI+iidU//aPFqaQe1j8BnfOtrbfW
    P0vlc3jZVNc/3eJopkT21z8yDO2aDJzYP79saoRPRtk/ppEaYiz12T80kqsJw6jaPyY0Ci00Yds/
    0zdXYKEe3D9TZgMgLeHcP+cNF9f6qN0/CTOl5S523j9Z6Wmn7kjfP41jTD2wEOA/0Klr49V/4D/E
    tDWC/PHgP2Ljy+E4Z+E/VxsXWqDf4T8bS6rWSFviP5YiwNpI2uI/m0hUhbdc4z/WdliVrOLjP9k7
    CG5AbOQ/jKNYG4z55D9zwodWqYrlP07dy4qyH+Y/5rki2sK45j+GgkEi9lXnPz1CqAFp9+c/AJrX
    3Did6D9f66njg0fpP3Bo0xZp9uk/nd+FTQiq6j9tfD07gmLrP3RttHX4H+w/VVIAe43i7D8tuNm3
    ZKrtP5xKD46id+4/AyMlW2xK7z8/EZE/dBHwPwDoxjGfgPA/aqVNQcvy8D+kO0Q3DWjxP7oCmGx6
    4PE/kxfnzShc8j+l537fLtvyP7nZdMGjXfM/K+PdM5/j8z9/eh2bOW30P6tVWgSM+vQ/U/UNKrCL
    9T/+/K54wCD2P0SGhxPYufY/
yh: [1.1848004343913548e-07, 3.1916181218134114e-07, 1.4647963305520285e-07, 3.4074491110960436e-07,
  1.7699392465591817e-07, 3.653768250529886e-07, 2.1033954667646524e-07, 3.9336811965954685e-07,
  2.468666298517756e-07, 4.250663356685888e-07, 2.869627391409382e-07, 4.6086000091531165e-07,
  3.310572229256566e-07, 5.011830995523673e-07, 3.79626048136084e-07, 5.465200511496949e-07,
  4.3319716065463053e-07, 5.974112697450403e-07, 4.923564343589811e-07, 6.544593483083381e-07,
  5.577542908138532e-07, 7.183359478306002e-07, 6.301130355648154e-07, 7.897894685015355e-07,
  7.102350235303387e-07, 8.696535852801446e-07, 7.990117301123929e-07, 9.588567547963637e-07,
  8.974338280543308e-07, 1.0584327774694588e-06, 1.0066023858752998e-06, 1.1695325618256187e-06,
  1.127741321593135e-06, 1.2934372015844692e-06, 1.2622112428418524e-06, 1.4315725255212223e-06,
  1.4115248186653674e-06, 1.5855252671856188e-06, 1.5773638791620828e-06, 1.757061051450202e-06,
  1.761598408310363e-06, 1.9481443864584425e-06, 1.9663076523379292e-06, 2.160960885539648e-06,
  2.1938035799414268e-06, 2.3979419610697883e-06, 2.4466569386063224e-06, 2.6617922718165216e-06,
  2.727726206273168e-06, 2.955520206944495e-06, 3.0401897534561045e-06, 3.2824717566656874e-06,
  3.3875815503375813e-06, 3.646368124746907e-06, 3.7738308250731147e-06, 4.051347492463737e-06,
  4.2033060886250435e-06, 4.502011380217426e-06, 4.6808639885103684e-06, 5.003476099478148e-06,
  5.211903530266379e-06, 5.561429843850455e-06, 5.802426210183707e-06, 6.1821960010114486e-06,
  6.459102709190204e-06, 6.872803360458026e-06, 7.189346810081072e-06, 7.641063917501258e-06,
  8.001397317584195e-06, 8.495659075427432e-06, 8.904408775763706e-06, 9.446235093573886e-06,
  9.908551901344872e-06, 1.0503508724860214e-05, 1.102512470323416e-05, 1.1679384059359207e-05,
  1.2266675344991997e-05, 1.2987081679951862e-05, 1.3647137906487555e-05, 1.444128132438524e-05,
  1.5181982284290714e-05, 1.6058279336219843e-05, 1.6888379559298655e-05, 1.785616229618845e-05,
  1.8785384265605657e-05, 1.9854998293684788e-05, 2.0894135079716025e-05, 2.207704742114556e-05,
  2.323807553639064e-05, 2.454699313028508e-05, 2.5843196479437547e-05, 2.7292196200554432e-05,
  2.8738302006545533e-05, 3.0342973117440827e-05, 3.195530075623286e-05, 3.373290072474046e-05,
  3.552952441598783e-05, 3.74991490584936e-05, 3.950007536556054e-05, 4.1682844273101556e-05,
  4.391020537402636e-05, 4.632946357009497e-05, 4.880772723440691e-05, 5.148926399078354e-05,
  5.424546117049184e-05, 5.721774686508382e-05, 6.0281717753223956e-05, 6.357615959273336e-05,
  6.69808189403999e-05, 7.063203630127387e-05, 7.441365870835007e-05, 7.845977877208487e-05,
  8.265830458064263e-05, 8.714127885851306e-05, 9.180064122287973e-05, 9.676658351597954e-05,
  0.00010193505717777042, 0.00010743460351400411, 0.00011316517584987591, 0.00011925386702144926,
  0.00012560463209077485, 0.0001323433196507105, 0.00013937789628615173, 0.00014683317331901777,
  0.0001546211489179234, 0.0001628658076885661, 0.00017148321036228678, 0.00018059673014830376,
  0.0001901265333822063, 0.0002001956036915133, 0.0002107282698825202, 0.0002218473568279975,
  0.00023348142918667677, 0.0002457533964269115, 0.0002585961528474549, 0.00027213295327176547,
  0.0002863011412094215, 0.0003012246015569239, 0.00031684527965270166, 0.00033328800765995177,
  0.00035049952778447584, 0.0003686059798841348, 0.0003875591521205916, 0.00040748690871072145,
  0.0004283464007283574, 0.0004502677045578154, 0.0004732137343755856, 0.0004973173536715684,
  0.0005225477388444447, 0.0005490412178485529, 0.0005767738411249922, 0.0006058861926368753,
  0.000636361929707119, 0.0006683468020790941, 0.0007018329256790377, 0.0007369722345309848,
  0.0007737662547680601, 0.0008123742018649388, 0.0008528080202188885, 0.0008952353244014584,
  0.0009396794666378702, 0.0009863175061048835, 0.0010351850627341157, 0.0010864694847429156,
  0.001140219244523798, 0.0011966324643794628, 0.0012557706126774771, 0.0013178425457297275,
  0.00138292227489528, 0.0014512286944545617, 0.001522847219230291, 0.0015980053999692266,
  0.0016767982810855272, 0.001759460159889534, 0.0018460935857095393, 0.001936937593154263,
  0.002032100347439016, 0.002131824257614762, 0.0022362223422163173, 0.0023455406704300805,
  0.002459898531553739, 0.0025795486057998917, 0.0027046209107328043, 0.002835380909523284,
  0.0029719769268587073, 0.003114696031294434, 0.0032637141685376253, 0.0034193491649677638,
  0.0035818123457854595, 0.0037514576095304254, 0.003928533079494242, 0.004113425268183097,
  0.004306409772282897, 0.004507890488014563, 0.00471814980777971, 0.004937584749156472,
  0.005166459281295872, 0.005405141353887367, 0.0056538615830721475, 0.005912955689678508,
  0.006182632627423203, 0.006463223698453761, 0.0067549577545020925, 0.007058211063233389,
  0.007373279420961811, 0.007700616380847839, 0.008040589393346391, 0.008393697476271628,
  0.00876030969900533, 0.009140871995279297, 0.009535649143544897, 0.00994495119406761,
  0.010368910150373134, 0.010807747370416412, 0.011261583304346198, 0.01173071442518273,
  0.012215396361728557, 0.012716060280739171, 0.013233017285166316, 0.013766613716901705,
  0.014316925784578988, 0.014883981108629185, 0.015467576456220109, 0.016067627884869345,
  0.016684037830711766, 0.0173169651635653, 0.01796649178680727, 0.01863268780590505,
  0.019315213675236385, 0.02001356239084296, 0.02072699366144405, 0.02145502964627821,
  0.02219729922593494, 0.022953600252960664, 0.023723289674401443, 0.02450535348168307,
  0.02529837021098467, 0.026101232386516307, 0.02691306337936708, 0.027733085160834652,
  0.0285597644249585, 0.029391088706369126, 0.03022499186702186, 0.031060105341150685,
  0.0318948971128081, 0.03272707775766943, 0.03355358117829105, 0.034372026335126454,
  0.0351804162625894, 0.03597606079972768, 0.03675506141161775, 0.03751427378623643,
  0.03825110911539147, 0.03896193861522646, 0.03964203380661854, 0.04028809171605532,
  0.040896578864797445, 0.04146233055217952, 0.04198073123783896, 0.042448303558938374,
  0.0428592296985321, 0.043208477215882515, 0.043491958481188024, 0.043703463526239404,
  0.0438377842135828, 0.043890420810298966, 0.04385434380089338, 0.043725511612999715,
  0.04349738397653863, 0.04316465886673112, 0.04272218396931406, 0.042163681910416584,
  0.04148480001758226, 0.04067925213289759, 0.03974294142776267, 0.03867016761685218,
  0.037457026747261785, 0.03609863203964412, 0.03459147419640205, 0.03293158771499216,
  0.031116122090887904, 0.029142146858782667, 0.027007724018397572, 0.024711102519609188,
  0.022251489077636827, 0.019628477143061193, 0.016842630793677826, 0.013895058666757082,
  0.010787874935845067, 0.007523865983295725, 0.004106864418703998, 0.0005414764639304706,
  -0.0031666103096129722, -0.0070108598340323895, -0.010983633896606521, -0.015076399821817103,
  -0.019279523599051916, -0.0235824631580959, -0.027973603926670306, -0.03244044607178736,
  -0.03696947994522328, -0.04154637371053343, -0.04615588628790544, -0.050782058352551465,
  -0.05540815701431902, -0.06001686618353095, -0.06459025052553949, -0.06910993492723037,
  -0.07355707590516938, -0.0779125302360539, -0.08215684564286665, -0.08627044997394222,
  -0.09023369968058607, -0.0940271218667306, -0.09763152135956805, -0.10102824122077915,
  -0.10419927098399959, -0.10712747700715718, -0.10979668786899616, -0.1121918963384415,
  -0.11429933312891218, -0.11610665095075227, -0.11760298878888469, -0.11877913422493698,
  -0.11962756928775861, -0.12014260167083754, -0.12032038292565889, -0.12015900240637893,
  -0.11965847371783904, -0.11882079060651134, -0.11764988241945633, -0.1161516348919729,
  -0.11433381811156149, -0.11220607682320907, -0.109779835380225, -0.10706826254030358,
  -0.10408615778014726, -0.10084989504541766, -0.09737729405304316, -0.09368754638740216,
  -0.08980107422525864, -0.08573944090335246, -0.0815251982588552, -0.07718178264766842,
  -0.07273335120820701, -0.06820466368004206, -0.06362090767237182, -0.05900756675862602,
  -0.05439023531423223, -0.04979447416349315, -0.045245616511982195, -0.04076861339402967,
  -0.03638783314539972, -0.0321268994167464, -0.028008486925294767, -0.024054154806436738,
  -0.0202841412537349, -0.016717195211566463, -0.013370373343311048, -0.010258874977081478,
  -0.0073958480637194785, -0.0047922363337553385, -0.0024566049807106336, -0.00039501143339119117,
  0.0013891398967490261, 0.0028951990393424917, 0.0041253909037429395, 0.0050849030308909365,
  0.005782003783165359, 0.006228141159019281, 0.0064380761360272815, 0.0064299909170384304,
  0.006225605890149063, 0.0058502285624364905, 0.005332744421206424, 0.004705453245676823,
  0.004003735040905117, 0.003265411259812428, 0.002529806180873149, 0.0018361921317409271,
  0.0012216998192382475, 0.0007183052727054313, 0.00034875600142840707, 0.00012109626125186778,
  2.1498040161629258e-05, -2.2428183513574003e-10, 3.2266206596559864e-10]
yh2: !!python/object/apply:numpy.core.multiarray._reconstruct
  args:
  - *id001
  - !!python/tuple [0]
  - !!binary |
    Yg==
  state: !!python/tuple
  - 1
  - !!python/tuple [387]
  - *id002
  - false
  - !!binary |
    KnYt6qsuZD/3am4D4Hd6PxmCmunsp2c/0hbE/WDKej/AiQq8cBlrPx4dUtQ2PHs/QOr9tkSIbj9Y
    FMw7gMx7P87MgESX/HA/VlAkzJJ6fD+NcbnHW7hyP2L53d32RX0/a+WGfJt5dD9GoznzYy5+P83V
    e4RtQnY/h2Eaob0zfz8bLou72BR4P3h9ensIK4A/nFbXidfyeT+nmnUjycqAP7mq+nBb3ns/3iu9
    pk15gT+IVjxFUNl9P1trPtfUNoI/HUgFOJ/lfz+8YuvdrgODP4ATo9aYAoE/k3qBwzzggz/BMWrx
    +RyCP5qADRPwzIQ/+DOiuetCgz/13UGeSsqFP47AtN9qdYQ/DUpVWd7Yhj8wO68eebWFP8i2JVFN
    +Yc/w02VVh4Ehz+dxyy1SSyJP8rdIaNpYog/f9Xm+JVyij9PI0BpctGJP9De7wcFzYs/TGKoYFlS
    iz8LbKmMejyNPxTkmptJ5ow/7HevR+vBjj+OdpiKeY6OP1jGuLwuL5A/h0RVABYmkD9liJmsdAmR
    P8HuSZxYEJE/7L1MzlzwkT+i+GDsswaSP7T2MgaG5JI/QO9v/d4Jkz+LsEETmeaTP/vVkBqZGpQ/
    rB025kj3lD9RNUZSqjmVP3kkg/5SF5Y/Gs30/eNnlj/4MvfMf0eXP/zjhkkhppc/XTBvGqOImD9c
    Vfm8R/WYP4yyc3Oc25k/VOC7xUdWmj+tt8GWV0GbP7FTZUEdyps/DSL75sy6nD/t8jcH0FGdPyPy
    yN0BSZ4/73MhcXTunj9ACL5/Ce2fP+CTWPGVUKA/mxDJZwLUoD9kx0umkjWhP3QfmJ+RvaE/tZjN
    1c4moj+JdmiO0bOiPx2rkkDwJKM/Wdjr/Gi3oz+T4ochpDCkP9jUwIQGyaQ/icVCYJ9KpT/pGfe5
    YOmlP16Ydryec6Y/MlV3TTYZpz8j+63wZqynP1DhKCZOWag/1HCRysT1qD9OB/1ud6qpPxU3TDaN
    UKo/4utcl4kNqz9Pmcs6nb2rP5BWWENkg6w/SwkB5Nk9rT+Ifsgo7wyuP6rhKxgw0q4/qkEe1hmr
    rz9r03kqyj2wP5WAxa9tr7A/DQhnKIEdsT//2nf3mJSxPx/dlT6+CLI/HtF9GZGFsj8CGemyBQCz
    P1CD9FTbgrM/d4P8dN4DtD9e7Upi/4y0PxcbFqbRFLU/6eim74aktT+gtVILajO2P0LaNgf9ybY/
    nuuCaTNgtz+dfUlf7f23PxAN/8q5m7g/L2H/lONAuT++QfKwiOa5P7rU1FNqk7o/5mI/MypBuz8G
    mCZuCva7P623RBQmrLw/y/VG7UlpvT/rzY3QACi+P1wrzSKr7b4/EZXytTq1vz+L7lHk1UHAP2aP
    6IgnqsA/YlrvIOIVwT81SX/F2YLBP+Hg04kz88E/VLXM4Otkwj9u57NZANrCP6aTcKqSUMM/g7Cl
    5nvKwz+eH5M6AEbEP1EZ/RXXxMQ/YJOOlmRFxT/B82E3QcnFP+D7lcjuTsY/C9WvXunXxj9ncp6B
    zmLHP9rf41IA8cc/Fu72WTaByD/EjaYjuxTJPwr3Ab5eqsk/QQJYbVZDyj9LfsOHid7KP5KPO0Ma
    fcs/vYCyMQYezD9+grqeXsLMP4ld3nE2ac0/wJVeEJATzj/Xag7lksDOP/maw0I0cc8/YL1HoFcS
    0D+udnzV9m3QP7KM+qQey9A/Nli6xD4q0T8CPpzOBovRP5kFO5bh7dE/MOnwj4ZS0j/ggSikW7nS
    P/vDSvseItM/E7UyJTGN0z8PE7+BVfrTP0uZlHLmadQ/7UD3vqrb1D+5inZq9U/VP50g+ZiOxtU/
    klnojcA/1j+GCrS6UrvWPz2wY1aFOdc/JJbmYx261z9E+yM/UD3YP/KgWIbfwtg/D2Xf4/VK2T/z
    sV7aUdXZP8oedfQUYto/ASqjefzw2j+xZfoBJILbP74tJQ5LFdw/XYakw4uq3D9f3hRHrEHdP4ha
    nyPK2t0/jA+oJ7Z13j/JsxLClBLfP3pb9hdDsd8/x3pxSfYo4D+a7kMKPHrgPxwxF5aJzOA/bFST
    Z9Mf4T/iCTafLHThP74/FjuFyeE/WLwvRucf4j9upXBmOXfiP/AIlWV5z+I/5Sd9noMo4z80YJu2
    S4LjP3svrt6o3OM/+8RInYw35D8G13um0pLkP0QQJkt07uQ/mIdtm1lK5T8vOMKFh6blP95P/l3w
    AuY/cZOGN5xf5j9ya4yPebzmP7STH8eCGec/2u4GAJN25z9sj/q6jdPnP6rth8U7MOg/W2opqnaM
    6D+TlzI4C+joP0Dm4nniQuk/OyYjfeCc6T8LNNsLAvbpP3jDDg8zTuo/Dj7SdmSl6j/mROPzZfvq
    PykIpA4FUOs/ozdNZvii6z/mg+j0CvTrP2sf2R8LQ+w/2JmQ1OeP7D9MP1SFidrsP4YEoNXZIu0/
    dxoN8Jto7T9ecjpOiavtP3wCvjpN6+0/k1mn4rQn7j8KMn+PnWDuP7oWYWf4le4/q+7gSZTH7j/v
    N1JRKPXuP9sCZnRUHu8/VoBK0d1C7z/d3ao7pGLvPx1sC3GVfe8/MyrryG2T7z9WrXd80qPvP63k
    uZFyru8/Cb3joziz7z9lJL2/C7LvP5xS4ZKqqu8/Qq3J9K+c7z/P7P8x8IfvP9oGT9VgbO8/O2In
    eNdJ7z9LcCW+8R/vPymgUViH7u4/92eA7Ji17j/FJlyT+XTuPwTmqDRSLO4/ZV6pZKLb7T8dybqk
    54LtPwDI0I3dIe0/FNK9p2i47D9wJ8ycq0bsPzK6/sprzOs/f7rtGZ9J6z9YVPrZbL7qP2hOom2v
    Kuo/poIE83WO6T9iN+se8+noP5MxaJ4DPeg/6g3RH/yH5z9LXy3T3crmP4VfFj3eBeY/iRsJWD05
    5T+JX/njG2XkPz2MBardieM/1EeN8ayn4j/8PdR6+r7hP3z1tk4I0OA/AaFcv5u23z+joKPPS8Ld
    P0quS7kfxNs/oDWf0/e82T87HdNH563XPy5XK4ryl9U//vq1y0J80z83UK3r+lvRP76wmdWycM4/
    biSi1zQlyj89E4BMHtjFP4Pqro8PjME/kFm/AJGHuj/0q0aMDASyP+1zlOtvJqM/wUC+DOSqcz9Y
    WsQCcP+bvyNPCcKMLa6/u6saCmkEt79Ukn2OO8O+v79DjR7gJsO/k3iq1lLPxr+g+tKjW1jKv756
    6E59v82/XWcr+SiB0L+hJW/xSw/Sv4w+gKwWidO/9DSP2Y3t1L8i+9z0yTvWvxOVB/v7cte/KC2Y
    o2uS2L/nfwL7epnZv4Idjl+kh9q//grdLX1c27/oUB7csxfcv6KPK4USudy/bfse4X1A3b+9Y0gx
    +K3dvye5M8egAd6/0eZEYLY73r9o2Wj3lVzev+ssrcC7ZN6/JfGGEsFU3r+CfVVhXC3ev5V0oLpe
    792/WFGcLbOb3b8/8w8MXDPdv7LROtpxt9y/7C2SVCAp3L+UQ2PtpInbvzcR9JxL2tq//gEuBW0c
    2r++X8Mna1HZv5p0Slmveti/nOQ8BKeZ17+ELgCYwa/WvxxWr31tvtW/s42FKBbH1L+d5JFYIcvT
    v880Pmfty9K/ZaZP6c7K0b822ihHD8nQvz+b5YrVj8+/8FDJ3R6Rzb/TzScFN5jLvyBEM1s5p8m/
    +Bt1sB3Ax78y8RFSt+TFv2ltYk6zFsS/ZX3J/ZdXwr/Xcq3dw6jAv3/IGRnbFr6/UVW6VEYBu7+f
    LCB4lRK4vxp0bghETLW/pwAKin6vsr+geL0MIz2wv03KkbWG66u/70qdkUyzp792+fb0lNGjv4JF
    ZbfQRaC/kqJnk9Udmr8mhzmbmlaUv5IrBhakY46/jxIVFu5Uhb+LvkulvOp6v/CGHVLI3mq/Jwdx
    IuTTQL/chp4Aec9cP8Nl2AecO20/nVXT5WxHdD8YlWZcgFZ4P5MuyDg68no/W6l64vZCfD9xYs9v
    CXJ8P8VsEdWCqXs/hCloxv4Tej/fubVBYdx3P6CDp6KKLXU/lLewQ+wxcj+narXmACZuP8l+00gY
    8Wc/Q0pwt24PYj8Bqs+l+oZZP6+NIo6YiVA/nJUQ+FTvQj9uc2nBJucxP3XcJcIBNhg/+gxXq3m9
    8D7C2XRk4knmvUFdMvq8OO89
