- -
?
-1111 -1111
-1111 -1111
-1111 -1111
-1111 -1111 -1111 -1111
-1111
-1111
5316
-1111
-1111
-1111
-1111
-1111
-1111
-1111
-1111
-1111
5121
-1111
-1111
-1111
-1111
-1111
-1111
-1111
-1111
-1111
-1111
-1111
-1111
5120
4683
-1111
-1111
-1111
-1111
-1111
-1111
-1111
-1111
-1111
-1111
-1111
-1111
-1111
-1111
-1111
-1111
-1111
-1111
-1111
-1111
-1111
-1111
-1111
-1111
-1111
-1111
5373
-1111
-1111
-1111
-1111
-1111
-1111
-1111
-1111
-1111
-1111
-1111
-1111
-1111
-1111
-1111
-1111
-1111
-1111
-1111
-1111
-1111
-1111
-1111
-1111
-1111
-1111
-1111
-1111
-1111
-1111
-1111
-1111
-1111
-1111
914
-1111
-1111
-1111
-1111
-1111
-1111
-1111
-1111
-1111
-1111
-1111
-1111
-1111
-1111
-1111
-1111
-1111
-1111
-1111
-1111
-1111
-1111
-1111
-1111
-1111
-1111
-1111
-1111
-1111
-1111
-1111
5232
-1111
-1111
-1111
-1111
-1111
-1111
-1111
-1111
-1111
-1111
-1111
-1111
-1111
-1111
-1111
-1111
-1111
-1111
-1111
-1111
-1111
-1111
-1111
-1111
-1111
-1111
-1111
-1111
-1111
-1111
-1111
-1111
-1111
-1111
-1111
-1111
-1111
-1111
-1111
-1111
-1111
-1111
-1111
-1111
-1111
-1111
-1111
-1111
-1111
-1111
-1111
-1111
-1111
-1111
-1111
-1111
-1111
-1111
-1111
477
-1111
-1111
-1111
-1111
-1111
-1111
-1111
-1111
-1111
-1111
-1111
-1111
-1111
-1111
-1111
-1111
-1111
-1111
-1111
-1111
-1111
-1111
-1111
-1111
-1111
-1111
-1111
-1111
-1111
2918
-1111
-1111
-1111
-1111
-1111
-1111
-1111
-1111
-1111
-1111
-1111
5137
-1111
-1111
-1111
-1111
5125
-1111
-1111
-1111
-1111
-1111
-1111
-1111
-1111
-1111
-1111
-1111
-1111
-1111
-1111
-1111
-1111
-1111
-1111
-1111
-1111
2978
-1111
-1111
-1111
-1111
-1111
-1111
-1111
-1111
-1111
-1111
-1111
-1111
4630
-1111
-1111
-1111
-1111
-1111
-1111
-1111
-1111
-1111
-1111
-1111
-1111
-1111
2496
-1111
-1111
-1111
-1111
-1111
-1111
-1111
-1111
-1111
-1111
-1111
-1111
-1111
-1111
-1111
-1111
-1111
-1111
5207
-1111
-1111
-1111
-1111
-1111
2568
850
-1111
-1111
-1111
-1111
-1111
841
-1111
-1111
-1111
-1111
-1111
-1111
-1111
-1111
-1111
-1111
-1111
-1111
-1111
-1111
-1111
-1111
-1111
-1111
-1111
-1111
-1111
-1111
-1111
-1111
-1111
-1111
-1111
-1111
-1111
-1111
-1111
-1111
-1111
-1111
-1111
-1111
-1111
-1111
-1111
-1111
-1111
5160
-1111
-1111
-1111
-1111
-1111
-1111
-1111
-1111
-1111
-1111
-1111
-1111
-1111
-1111
-1111
-1111
-1111
-1111
-1111
-1111
-1111
-1111
-1111
-1111
-1111
-1111
-1111
-1111
-1111
-1111
-1111
-1111
-1111
-1111
-1111
-1111
-1111
-1111
-1111
-1111
-1111
-1111
-1111
-1111
-1111
-1111
-1111
-1111
-1111
-1111
-1111
-1111
-1111
-1111
-1111
-1111
-1111
-1111
-1111
-1111
-1111
-1111
5158
-1111
-1111
-1111
-1111
-1111
-1111
-1111
-1111
-1111
-1111
-1111
-1111
-1111
-1111
-1111
-1111
-1111
-1111
-1111
-1111
-1111
-1111
-1111
-1111
-1111
-1111
-1111
-1111
-1111
-1111
-1111
-1111
5140
-1111
-1111
-1111
-1111
-1111
-1111
-1111
-1111
-1111
-1111
-1111
-1111
5155
-1111
-1111
-1111
-1111
-1111
-1111
-1111
-1111
-1111
-1111
-1111
-1111
-1111
-1111
-1111
-1111
-1111
-1111
5236
1563
-1111
-1111
-1111
-1111
-1111
-1111
-1111
-1111
-1111
-1111
-1111
-1111
-1111
-1111
-1111
-1111
-1111
-1111
-1111
-1111
-1111
-1111
-1111
-1111
-1111
-1111
-1111
-1111
-1111
-1111
-1111
-1111
-1111
-1111
-1111
-1111
-1111
-1111
-1111
-1111
-1111
-1111
-1111
-1111
-1111
5174
-1111
-1111
-1111
-1111
-1111
-1111
-1111
-1111
-1111
-1111
-1111
-1111
-1111
-1111
-1111
-1111
-1111
-1111
-1111
-1111
-1111
-1111
-1111
-1111 -1111 -1111
-1111
-1111 -1111 -1111
-1111 -1111 -1111
-1111 -1111 -1111
-1111 -1111 -1111
-1111 -1111 -1111 -1111 -1111
-1111 -1111 -1111
-1111
-1111 -1111 -1111
-1111 -1111 -1111
-1111 -1111 -1111
-1111
-1111
-1111 -1111 -1111
-1111 -1111 -1111
-1111 -1111 -1111
-1111 -1111 -1111
-1111 -1111 -1111
-1111 -1111 -1111
-1111 -1111 -1111 -1111
-1111 -1111 -1111 -1111
-1111 -1111 -1111
-1111 -1111 -1111 -1111
-1111 -1111 -1111 -1111
-1111 -1111 -1111 -1111
-1111 -1111 -1111 -1111
-1111 -1111 -1111
-1111 -1111 -1111 -1111
-1111 -1111 -1111 -1111
-1111 -1111 -1111
-1111 -1111 -1111 -1111
-1111 -1111 -1111 -1111
-1111 -1111 -1111 -1111
-1111 -1111 -1111 -1111
-1111 -1111 -1111 -1111
-1111 -1111 -1111 -1111
-1111 -1111 -1111 -1111
-1111 -1111 -1111
-1111 -1111 -1111 -1111
-1111 -1111 -1111
-1111 -1111 -1111 -1111
-1111 -1111 -1111 -1111
-1111 -1111 -1111 -1111
-1111 -1111 -1111 -1111
-1111 -1111 -1111
-1111 -1111 -1111 -1111
-1111 -1111 -1111 -1111
-1111 -1111 -1111 -1111
-1111 -1111 -1111 -1111
-1111 -1111 -1111 -1111
-1111 -1111 -1111 -1111
-1111 -1111 -1111
-1111 -1111 -1111 -1111
-1111 -1111 -1111 -1111
-1111 -1111 -1111 -1111
-1111 -1111 -1111 -1111
-1111 -1111 -1111
-1111 -1111 -1111 -1111
-1111 -1111 -1111 -1111
-1111 -1111 -1111 -1111
-1111 -1111 -1111 -1111
-1111 -1111
-1111 -1111 -1111 -1111
-1111 -1111 -1111
-1111 -1111 -1111 -1111 -1111
-1111 -1111 -1111
-1111 -1111
-1111 -1111 -1111 -1111
-1111 -1111 -1111
-1111 -1111 -1111 -1111
-1111 -1111
-1111 -1111 -1111 -1111
-1111 -1111 -1111 -1111
-1111 -1111 -1111
-1111 -1111 -1111
-1111 -1111
-1111 -1111
-1111
-1111 -1111 -1111
-1111 -1111 -1111
-1111
-1111 -1111 -1111
-1111 -1111 -1111
-1111 -1111 -1111
-1111 -1111 -1111 -1111
-1111 -1111 -1111
-1111 -1111 -1111 -1111
-1111 -1111
-1111 -1111 -1111 -1111
-1111
-1111
-1111 -1111
-1111 -1111
-1111 -1111 -1111
-1111 -1111 -1111
-1111 -1111 -1111 -1111 -1111
-1111 -1111 -1111
-1111 -1111 -1111
-1111 -1111
-1111 -1111
-1111
-1111 -1111 -1111
-1111 -1111 -1111
-1111 -1111 -1111
-1111 -1111
-1111 -1111 -1111
-1111 -1111 -1111
-1111 -1111
-1111 -1111 -1111 -1111
-1111 -1111 -1111 -1111 -1111
-1111 -1111 -1111 -1111
-1111 -1111 -1111 -1111
-1111 -1111 -1111 -1111
-1111 -1111 -1111 -1111
-1111 -1111 -1111
-1111
-1111 -1111 -1111
-1111 -1111 -1111
-1111 -1111 -1111
-1111 -1111 -1111 -1111
-1111 -1111 -1111 -1111
-1111 -1111 -1111 -1111
-1111 -1111 -1111
-1111 -1111
-1111 -1111 -1111 -1111
-1111 -1111 -1111
-1111 -1111
-1111 -1111 -1111 -1111
-1111 -1111 -1111 -1111
-1111 -1111 -1111 -1111
-1111 -1111 -1111 -1111
-1111 -1111
-1111 -1111 -1111 -1111
-1111 -1111 -1111 -1111
-1111 -1111 -1111
-1111 -1111 -1111
-1111 -1111 -1111 -1111
-1111 -1111 -1111
-1111 -1111 -1111
-1111 -1111 -1111
-1111 -1111 -1111 -1111
-1111 -1111 -1111 -1111
-1111 -1111 -1111 -1111
-1111 -1111 -1111 -1111
-1111 -1111 -1111 -1111 -1111 -1111
-1111 -1111 -1111 -1111
-1111 -1111
-1111 -1111
-1111 -1111 -1111
-1111 -1111 -1111
-1111 -1111 -1111 -1111
-1111 -1111 -1111
-1111 -1111 -1111
-1111 -1111 -1111
-1111 -1111 -1111
-1111 -1111
-1111 -1111 -1111 -1111
-1111 -1111
-1111 -1111 -1111
-1111 2117 -1111
-1111 -1111 -1111
-1111 -1111 -1111
-1111 -1111
-1111 -1111 -1111 -1111
-1111 -1111 -1111
-1111 -1111 -1111
-1111 -1111 -1111
-1111 -1111 -1111 -1111
-1111 -1111
-1111 -1111 -1111 -1111
-1111 -1111 -1111 -1111
-1111 -1111 -1111
-1111 -1111 -1111 -1111
-1111 -1111
-1111 -1111 -1111 -1111
-1111 -1111
-1111 -1111 -1111
-1111 -1111 -1111
-1111 -1111 -1111
-1111 -1111 -1111 -1111
-1111 -1111 -1111
-1111 -1111 -1111 -1111
-1111 -1111 -1111 -1111
-1111 -1111 -1111 -1111
-1111 -1111
-1111 -1111 -1111 -1111
-1111 -1111 -1111
-1111 -1111 -1111
-1111 -1111 -1111 -1111
-1111 -1111 -1111 -1111
-1111 -1111 -1111
-1111 -1111 -1111
-1111 -1111
-1111 -1111 -1111
-1111 -1111 -1111 -1111
-1111 -1111
-1111 -1111 -1111
-1111 -1111 -1111 -1111
-1111 -1111 -1111
-1111 -1111 -1111 -1111
-1111 -1111 -1111 -1111
-1111 -1111 -1111 -1111
-1111 -1111 -1111
-1111 -1111 -1111
-1111 -1111 -1111 -1111
-1111 -1111 -1111 -1111 -1111 -1111
-1111 -1111 -1111 -1111 -1111 -1111 -1111
-1111 -1111 -1111 -1111
-1111 -1111 -1111 -1111
-1111 -1111 -1111
-1111
-1111 -1111
-1111 -1111 -1111 -1111
-1111 -1111 -1111 -1111
-1111 -1111 -1111
-1111 -1111
-1111 -1111 -1111 -1111
-1111 -1111 -1111
-1111
-1111 -1111 -1111
-1111 -1111 -1111
-1111 -1111 -1111 -1111
-1111 -1111 -1111 -1111
-1111 -1111 -1111
-1111 -1111
-1111 -1111
-1111 -1111 -1111
-1111 -1111 -1111
-1111 -1111
-1111 -1111 -1111
-1111 -1111 -1111
-1111 -1111 -1111
-1111 -1111 -1111
-1111 -1111 -1111
-1111 -1111 -1111 -1111
-1111 -1111 -1111 -1111
-1111 -1111 -1111
-1111 -1111 -1111
-1111 -1111
-1111 -1111 -1111 -1111
-1111 -1111 -1111
-1111 -1111 -1111 -1111
-1111 -1111 -1111 -1111
-1111 -1111 -1111 -1111
-1111 -1111 -1111
-1111 -1111 -1111
-1111 -1111
-1111 -1111
-1111 -1111 -1111 -1111
-1111 -1111 -1111
-1111 -1111 -1111 -1111
-1111 -1111 -1111
-1111 -1111 -1111
-1111 -1111 -1111
-1111 -1111 -1111
-1111 -1111 -1111 -1111 -1111 -1111
-1111 -1111 -1111 -1111 -1111 -1111 -1111
-1111 -1111 -1111
-1111 -1111 -1111
-1111 -1111 -1111
-1111 -1111
-1111 -1111 -1111 -1111 -1111 -1111 -1111
-1111 -1111 -1111 -1111
-1111 -1111 -1111
-1111 -1111 -1111
-1111 -1111
-1111 -1111 -1111
-1111 -1111
-1111 -1111 -1111 -1111
-1111 -1111 -1111
-1111 -1111 -1111 -1111
-1111 -1111
-1111 -1111 -1111 -1111
-1111 -1111 -1111 -1111
-1111 -1111 -1111 -1111
-1111 -1111 -1111
-1111 -1111
-1111 -1111 -1111 -1111
-1111 -1111 -1111 -1111
-1111 -1111 3161
-1111 -1111 -1111 -1111
-1111 -1111 -1111 -1111
-1111 -1111 -1111 -1111
-1111 -1111 -1111 -1111
-1111 -1111 -1111 -1111
-1111
-1111 -1111
-1111 -1111
-1111 -1111 -1111
-1111 -1111 -1111 -1111
-1111 -1111 -1111 -1111
-1111 -1111
-1111 -1111 -1111 -1111
-1111 -1111
-1111 -1111
-1111 -1111 -1111 -1111
-1111 -1111
-1111 -1111 -1111 -1111
-1111
-1111
-1111 -1111
-1111
-1111 -1111
-1111 -1111
-1111 -1111 -1111
-1111 -1111
-1111 -1111 -1111
-1111 -1111
-1111 -1111
-1111 -1111 -1111 -1111
-1111
-1111 -1111
-1111 -1111
-1111 -1111
-1111 -1111
-1111 -1111 -1111 -1111
-1111 -1111
-1111 -1111
-1111 -1111
-1111 -1111 -1111 -1111
-1111 -1111
-1111 -1111
-1111 -1111 -1111
-1111 -1111 -1111
-1111 -1111
-1111
-1111
-1111 -1111
-1111 -1111
-1111 -1111 -1111
-1111 -1111 -1111
-1111 -1111 -1111
-1111 -1111 -1111 -1111
-1111 -1111 -1111 -1111
-1111 -1111 -1111 -1111
-1111 -1111 -1111 -1111
-1111 -1111 -1111
-1111 -1111 -1111 -1111
-1111 -1111
-1111 -1111 -1111
-1111 -1111
-1111 -1111
-1111 -1111
-1111
-1111 -1111
-1111 -1111 -1111
-1111
-1111 -1111
-1111 -1111
-1111 -1111 -1111 -1111
-1111 -1111
-1111 -1111
-1111 -1111
-1111 -1111
-1111 -1111 -1111
-1111 -1111
-1111 -1111
-1111 -1111
-1111 -1111
-1111 -1111
-1111 -1111 -1111
-1111 -1111 -1111
-1111 -1111 -1111
-1111 -1111 -1111
-1111 -1111
-1111 -1111 -1111 -1111
-1111 -1111
-1111 -1111 -1111
-1111 -1111 -1111
-1111 -1111 -1111 -1111
-1111 -1111 -1111 -1111
-1111 -1111 -1111 -1111
-1111 -1111
-1111 -1111 -1111 -1111
-1111 -1111 -1111 -1111
-1111 -1111 -1111
-1111 -1111 -1111 -1111
-1111 -1111 -1111 -1111 -1111
-1111 -1111 -1111
-1111 -1111 -1111
-1111 -1111 -1111 -1111
-1111 -1111 -1111
-1111 -1111 -1111 -1111
-1111
-1111 -1111
-1111 -1111 -1111 -1111
-1111 -1111 -1111 -1111
-1111 -1111 -1111
-1111 -1111 -1111 -1111
-1111 -1111
-1111 -1111 -1111 -1111 -1111 -1111 -1111 -1111
-1111 -1111 -1111 -1111
-1111 -1111 -1111
-1111 -1111 -1111 -1111
-1111 -1111 -1111
-1111 -1111 -1111
-1111 -1111 -1111 -1111
-1111 -1111 -1111 -1111
-1111 -1111
-1111 -1111 -1111 -1111
-1111 -1111 -1111
-1111 -1111 -1111 -1111
-1111 -1111
-1111 -1111 -1111 -1111
-1111 -1111 -1111 -1111 -1111
-1111 -1111 -1111 -1111
-1111 -1111 -1111
-1111 -1111 -1111
-1111 -1111 -1111
-1111 -1111 -1111
-1111 -1111 -1111
-1111 -1111 -1111 -1111
-1111 -1111 -1111 -1111
-1111 -1111 -1111 -1111
-1111 -1111
-1111 -1111 -1111 -1111
-1111 -1111 -1111
-1111 -1111
-1111 -1111 -1111 -1111
-1111 -1111 -1111 -1111
-1111 -1111 -1111 -1111
-1111 -1111 -1111 -1111
-1111 -1111
-1111 -1111 -1111 -1111
-1111 -1111 -1111 -1111 -1111
-1111 -1111
-1111 -1111 -1111 -1111
-1111 -1111 -1111 -1111
-1111 -1111
-1111 -1111 -1111 -1111
-1111 -1111 -1111
-1111 -1111 -1111 -1111
-1111 -1111
-1111 -1111 -1111
-1111 -1111 -1111 -1111
-1111 -1111 -1111 -1111
-1111 -1111
-1111 -1111 -1111 -1111
-1111 -1111 -1111 -1111 -1111 -1111
-1111 -1111 -1111 -1111
-1111 -1111 -1111 -1111 -1111
-1111 -1111 -1111
-1111 -1111
-1111 -1111 -1111
-1111 -1111 -1111
-1111 -1111 -1111
-1111 -1111 -1111 -1111
-1111 -1111 -1111
-1111 -1111 -1111
-1111 -1111 -1111 -1111
-1111 -1111 -1111
-1111 -1111 -1111
-1111 -1111
-1111 -1111
-1111 -1111 -1111
-1111 -1111 -1111
-1111 -1111 -1111
-1111 -1111 -1111 -1111
-1111 155 -1111
-1111 -1111 -1111 -1111
-1111 -1111
-1111 -1111 -1111
-1111 -1111
-1111 -1111 -1111 -1111
-1111 -1111
-1111 -1111 -1111 -1111
-1111 -1111 -1111 -1111
-1111 -1111
-1111 -1111 -1111
-1111 -1111 -1111
-1111 -1111 -1111 -1111
-1111 -1111 -1111
-1111 -1111 -1111
-1111 -1111 -1111 -1111
-1111 -1111
-1111 -1111 -1111
-1111 -1111 -1111 -1111 -1111
-1111 -1111 -1111 -1111 -1111
-1111 -1111 -1111 -1111
-1111 -1111 -1111 -1111
-1111 -1111 -1111
-1111 -1111 -1111 -1111
-1111 -1111 -1111 -1111 -1111 -1111 -1111
-1111 -1111 -1111 -1111 -1111 -1111
-1111 -1111 -1111 -1111 -1111 -1111
-1111 -1111 -1111
-1111 -1111 -1111 -1111 -1111 -1111
-1111 -1111 -1111
-1111 -1111
-1111 -1111 -1111
-1111 -1111 -1111
-1111 -1111 -1111
-1111 -1111 -1111
-1111 -1111
-1111 -1111 -1111 -1111
-1111 -1111 -1111
-1111 -1111
-1111 -1111 -1111 -1111
-1111 -1111 -1111 -1111
-1111 -1111 -1111
-1111 -1111
-1111 -1111 -1111 -1111
-1111 -1111 -1111 -1111
-1111 -1111 -1111
-1111 -1111
-1111 -1111 -1111 -1111
-1111 -1111
-1111 -1111 -1111
-1111 -1111
-1111 -1111
-1111 -1111 -1111 -1111
-1111 -1111 -1111 -1111 -1111
-1111 -1111 -1111 -1111 -1111
-1111 -1111
-1111 -1111 -1111 -1111
-1111 -1111 -1111 -1111
-1111 -1111 -1111 -1111
-1111 -1111
-1111 -1111 -1111
-1111 -1111 -1111 -1111
-1111 -1111 -1111 -1111
-1111 -1111 -1111 -1111
-1111 -1111 -1111 -1111
-1111 -1111 -1111 -1111
-1111 -1111 -1111
-1111 -1111 -1111 -1111
-1111 -1111
-1111 -1111 -1111 -1111
-1111 -1111 -1111
-1111 -1111 -1111
-1111 -1111 -1111 -1111
-1111 -1111 -1111
-1111 -1111
-1111 -1111 -1111
-1111 -1111 -1111
-1111 -1111 -1111
-1111 -1111 -1111 -1111
-1111 -1111 -1111
-1111 -1111 -1111
-1111 -1111 -1111 -1111
-1111 -1111 -1111 -1111
-1111 -1111
-1111 -1111 -1111
-1111 -1111 -1111
-1111 -1111 -1111
-1111 -1111 -1111 -1111
-1111 -1111 -1111
-1111 -1111 -1111
-1111 -1111
-1111 -1111 -1111
-1111 -1111 -1111
-1111 -1111 -1111 -1111
-1111 -1111 -1111 -1111
-1111 -1111 -1111 -1111
-1111 -1111 -1111
-1111 -1111 -1111
-1111 -1111 -1111
-1111 -1111 -1111
-1111 -1111 -1111 -1111
-1111 -1111 -1111 -1111
-1111 -1111
-1111 -1111
-1111 -1111 -1111 -1111
-1111 -1111
-1111 -1111 -1111 -1111
-1111 -1111
-1111 -1111 -1111 -1111
-1111 -1111 -1111 -1111
-1111 -1111 -1111 -1111
-1111 -1111 -1111
-1111 -1111 -1111 -1111
-1111
-1111 -1111 -1111
-1111
-1111 -1111 -1111 -1111
-1111 -1111 -1111 -1111
-1111 -1111 -1111
-1111 -1111 -1111 -1111
-1111 -1111 -1111 -1111
-1111 -1111 -1111 -1111
-1111 -1111
-1111 -1111 -1111 -1111
-1111 -1111 -1111
-1111 -1111 -1111
-1111 -1111 -1111 -1111
-1111
-1111 -1111 -1111
-1111 -1111 -1111
-1111 -1111 -1111
-1111 -1111 -1111
-1111 -1111
-1111 -1111 -1111 -1111
-1111 -1111 -1111
-1111 -1111 -1111
-1111 -1111 -1111 -1111
-1111 -1111 -1111
-1111 -1111
-1111 -1111 -1111 -1111
-1111 -1111 -1111
-1111 -1111 -1111 -1111
-1111 -1111 -1111
-1111 -1111 -1111 -1111
-1111 -1111 -1111
-1111 -1111
-1111 -1111 -1111
-1111 -1111 -1111
-1111 -1111 -1111
-1111 -1111 -1111
-1111 -1111
-1111 -1111 -1111 -1111
-1111 -1111 -1111 -1111 -1111
-1111 -1111 -1111 -1111
-1111 -1111 -1111
-1111 -1111 -1111
-1111 -1111 -1111 -1111
-1111 -1111 -1111
-1111 -1111 -1111 -1111
-1111 -1111 -1111 -1111
-1111 -1111
-1111 -1111
-1111 -1111 -1111 -1111
-1111 -1111 -1111 -1111 -1111
-1111 -1111
-1111 -1111 -1111
-1111
-1111 -1111 -1111
-1111 -1111 -1111
-1111 -1111 -1111 -1111
-1111 -1111 -1111 -1111
-1111 -1111
-1111 -1111 -1111
-1111 -1111 -1111
-1111 -1111 -1111 -1111 -1111 -1111
-1111 -1111 -1111
-1111 -1111
-1111 -1111 -1111
-1111 -1111 -1111
-1111 -1111 -1111 -1111
-1111 -1111 -1111 -1111
-1111 -1111 -1111 -1111
-1111 -1111 -1111 -1111
-1111 -1111 -1111 -1111
-1111 -1111 -1111 -1111
-1111 -1111 -1111 -1111
-1111 -1111
-1111 -1111 -1111 -1111
-1111 -1111
-1111 -1111 -1111
-1111 -1111 -1111
-1111 -1111
-1111 -1111 -1111 -1111
-1111 -1111 -1111
-1111 -1111 -1111
-1111
-1111 -1111 -1111 -1111
-1111 -1111
-1111 -1111
-1111 -1111 -1111
-1111 -1111
-1111 -1111 -1111 -1111 -1111 -1111
-1111 -1111
-1111 -1111 -1111 -1111
-1111 -1111 -1111
-1111 -1111 -1111
-1111 -1111 -1111
-1111 -1111 -1111
-1111 -1111
-1111 -1111 -1111 -1111
-1111 -1111 -1111 -1111
-1111 -1111 -1111
-1111 -1111 -1111
-1111 -1111
-1111 -1111 -1111 -1111
-1111 -1111 -1111 -1111
-1111 -1111 -1111
-1111 -1111 -1111
-1111 -1111 -1111 -1111 -1111 -1111 -1111 -1111
-1111 -1111 -1111 -1111
-1111 -1111 -1111 -1111
-1111 -1111
-1111 -1111
-1111 -1111 -1111 -1111
-1111 -1111 -1111 -1111
-1111 -1111 -1111 -1111
-1111 -1111 -1111 -1111
-1111 -1111 -1111 -1111
-1111 -1111 -1111 -1111
-1111 -1111 -1111
-1111 -1111
-1111 -1111 -1111
-1111 -1111 -1111
-1111 -1111
-1111 -1111
-1111 -1111 -1111 -1111 -1111
-1111 -1111 -1111
-1111 -1111 -1111 -1111 -1111
-1111 -1111 -1111
-1111 -1111 -1111
-1111 -1111 -1111 -1111
-1111 -1111
-1111 -1111 -1111 -1111
-1111 -1111 -1111 -1111
-1111 -1111
-1111 -1111 -1111 -1111
-1111 -1111 -1111 -1111
-1111 -1111 -1111
-1111 -1111 -1111
-1111 -1111 -1111
-1111 -1111
-1111 -1111 -1111 -1111
-1111 -1111 -1111
-1111 -1111 -1111
-1111 -1111 -1111
-1111 -1111 -1111
-1111 -1111 -1111 -1111
-1111 -1111 -1111
-1111 -1111
-1111
-1111 -1111 -1111
-1111 -1111 -1111 -1111 -1111
-1111 -1111 -1111 -1111
-1111
-1111 -1111 -1111
-1111 -1111 -1111
-1111 -1111
-1111 -1111 -1111 -1111
-1111 -1111 -1111
-1111 -1111 -1111 -1111
-1111 -1111 -1111
-1111 -1111
-1111 -1111 -1111
-1111 -1111
-1111 -1111 -1111
-1111 -1111 -1111 -1111
-1111 -1111
-1111 -1111 -1111
-1111 -1111 3161
-1111
-1111 -1111
-1111 -1111
-1111 -1111
-1111 -1111 -1111 -1111
-1111 -1111 -1111
-1111 -1111
-1111 -1111 -1111 -1111
-1111 -1111 -1111
-1111 -1111
-1111 -1111 -1111
-1111 -1111 -1111
-1111 -1111 -1111
-1111 -1111
-1111 -1111 -1111
-1111 -1111
-1111 -1111
-1111 -1111 -1111
-1111 -1111
-1111 -1111 -1111
-1111 -1111 -1111 -1111
-1111 -1111 -1111 -1111
-1111 -1111 -1111 -1111
-1111 -1111 -1111 -1111
-1111 -1111
-1111 -1111 -1111
-1111 -1111 -1111
-1111 -1111 -1111
-1111 -1111 -1111 -1111 -1111
-1111 -1111 -1111 -1111 -1111 -1111
-1111 -1111 -1111
-1111 -1111 -1111 -1111
-1111 -1111 -1111
-1111 -1111 -1111 -1111 -1111 -1111
-1111 -1111 -1111
-1111 -1111 -1111 -1111
-1111 -1111 -1111
-1111 -1111 -1111 -1111
-1111 -1111 -1111
-1111 -1111 -1111 -1111
-1111 -1111 -1111 -1111
-1111 -1111 -1111 -1111
-1111 -1111 -1111 -1111
-1111 -1111 -1111 -1111
-1111 -1111 -1111 -1111
-1111 -1111
-1111 -1111 -1111
-1111 -1111 -1111
-1111 -1111 -1111
-1111 -1111 -1111 -1111
-1111 -1111
-1111 -1111
-1111 -1111 -1111
-1111 -1111 -1111
-1111 -1111 -1111
-1111 -1111 -1111 -1111
-1111 -1111
-1111 -1111 -1111 -1111
-1111 -1111
-1111 -1111 -1111
-1111 -1111 -1111
-1111 -1111 -1111
-1111 -1111 -1111 -1111 -1111
-1111 -1111 -1111
-1111 -1111 -1111 -1111
-1111 -1111 -1111
-1111 -1111 -1111
-1111 -1111 -1111 -1111
-1111 -1111 -1111
-1111 -1111 -1111 -1111
-1111 -1111 -1111 -1111
-1111 -1111 -1111 -1111
-1111 -1111 -1111 -1111
-1111 -1111 -1111
-1111 -1111 -1111 -1111
-1111 -1111 -1111
-1111 -1111 -1111 -1111
-1111 -1111 -1111
-1111 -1111 -1111 -1111
-1111 -1111 -1111 -1111
-1111 -1111 -1111
-1111 -1111
-1111 -1111 -1111 -1111
-1111 -1111 -1111 -1111
-1111 -1111
-1111 -1111 -1111 -1111
-1111 -1111 -1111 -1111 -1111 -1111 -1111
-1111 -1111 -1111 -1111
-1111 -1111
-1111 -1111 -1111 -1111
-1111 -1111 -1111 -1111
-1111 -1111 -1111 -1111
-1111 -1111 -1111
-1111 -1111 -1111
-1111 -1111 -1111
-1111 -1111 -1111
-1111 -1111
-1111
-1111 -1111 -1111
-1111 -1111 -1111 -1111
-1111 -1111 -1111 -1111
-1111 -1111 -1111 -1111 -1111
-1111 -1111
