/usr/bin/gcc
gcc -shared -c utils.c gaunt.c radial.c sbt.c reader.c quadrature.c linalg.c density.c pseudoprojector.c projector.c tests.c -std=c11 -lmkl_rt -lpthread -ldl -lm -O3 -fPIC -Wall -DMKL_Complex16="double complex" -DMKL_Complex8="float complex"  -I/opt/intel/compilers_and_libraries_2018/linux/mkl/include -L/opt/intel/compilers_and_libraries_2018/linux/mkl/lib/intel64
gcc -shared -o pawpy.so utils.o gaunt.o radial.o sbt.o reader.o quadrature.o linalg.o density.c pseudoprojector.o projector.o tests.o -std=c11 -lmkl_rt -lpthread -ldl -lm -O3 -fPIC -Wall -DMKL_Complex16="double complex" -DMKL_Complex8="float complex"  -I/opt/intel/compilers_and_libraries_2018/linux/mkl/include -L/opt/intel/compilers_and_libraries_2018/linux/mkl/lib/intel64
0.877404 9.164555 1.070423 2.376126 1.000000 1.426049
7.347124 7.347123 7.426534
6.568989 7.347123 7.426534
7.347124 6.568989 7.426534
spin k band 2 2 24
 4.351552 0.010650 0.000000
 -2.097014 3.812957 0.000000
 0.000000 0.000000 4.406008
 1.441954 0.793032 -0.000000
 -0.004028 1.645636 0.000000
 0.000000 -0.000000 1.426049

 7.347124 7.347123 7.426534 1679 1501 1501
made it 1.227367 1.227367 1.227367
120
[[ 1.          0.         -0.5        -0.        ]
 [ 0.          0.5         0.         -0.125     ]
 [ 0.          0.          0.125       0.        ]
 [ 0.          0.          0.          0.02083333]]
1.0
0.0
0.5
-0.5
0.0
0.125
0.0
-0.125
0.0
0.020833333333333336
yo
387 387
yo
status 0
hi
[4.80910501e-05 4.93907302e-05 5.07255346e-05 5.20964127e-05
 5.35043393e-05 5.49503156e-05 5.64353701e-05 5.79605588e-05
 5.95269663e-05 6.11357066e-05 6.27879238e-05 6.44847928e-05
 6.62275203e-05 6.80173458e-05 6.98555421e-05 7.17434163e-05
 7.36823111e-05 7.56736053e-05 7.77187151e-05 7.98190947e-05
 8.19762380e-05 8.41916789e-05 8.64669931e-05 8.88037985e-05
 9.12037570e-05 9.36685754e-05 9.62000065e-05 9.87998505e-05
 1.01469956e-04 1.04212223e-04 1.07028600e-04 1.09921091e-04
 1.12891753e-04 1.15942699e-04 1.19076097e-04 1.22294176e-04
 1.25599226e-04 1.28993596e-04 1.32479700e-04 1.36060017e-04
 1.39737094e-04 1.43513546e-04 1.47392057e-04 1.51375387e-04
 1.55466368e-04 1.59667909e-04 1.63982999e-04 1.68414706e-04
 1.72966181e-04 1.77640662e-04 1.82441473e-04 1.87372027e-04
 1.92435832e-04 1.97636488e-04 2.02977694e-04 2.08463248e-04
 2.14097052e-04 2.19883111e-04 2.25825541e-04 2.31928567e-04
 2.38196531e-04 2.44633888e-04 2.51245218e-04 2.58035221e-04
 2.65008727e-04 2.72170695e-04 2.79526218e-04 2.87080527e-04
 2.94838994e-04 3.02807137e-04 3.10990622e-04 3.19395269e-04
 3.28027056e-04 3.36892119e-04 3.45996765e-04 3.55347467e-04
 3.64950876e-04 3.74813821e-04 3.84943316e-04 3.95346564e-04
 4.06030965e-04 4.17004116e-04 4.28273820e-04 4.39848093e-04
 4.51735166e-04 4.63943491e-04 4.76481751e-04 4.89358863e-04
 5.02583984e-04 5.16166519e-04 5.30116128e-04 5.44442730e-04
 5.59156515e-04 5.74267946e-04 5.89787769e-04 6.05727021e-04
 6.22097039e-04 6.38909463e-04 6.56176249e-04 6.73909677e-04
 6.92122358e-04 7.10827244e-04 7.30037638e-04 7.49767200e-04
 7.70029961e-04 7.90840332e-04 8.12213111e-04 8.34163499e-04
 8.56707104e-04 8.79859960e-04 9.03638531e-04 9.28059727e-04
 9.53140916e-04 9.78899934e-04 1.00535510e-03 1.03252523e-03
 1.06042964e-03 1.08908818e-03 1.11852123e-03 1.14874971e-03
 1.17979514e-03 1.21167958e-03 1.24442571e-03 1.27805682e-03
 1.31259682e-03 1.34807028e-03 1.38450242e-03 1.42191916e-03
 1.46034710e-03 1.49981357e-03 1.54034664e-03 1.58197513e-03
 1.62472864e-03 1.66863759e-03 1.71373320e-03 1.76004753e-03
 1.80761352e-03 1.85646501e-03 1.90663672e-03 1.95816435e-03
 2.01108453e-03 2.06543491e-03 2.12125412e-03 2.17858187e-03
 2.23745892e-03 2.29792715e-03 2.36002956e-03 2.42381032e-03
 2.48931477e-03 2.55658951e-03 2.62568237e-03 2.69664250e-03
 2.76952035e-03 2.84436775e-03 2.92123794e-03 3.00018558e-03
 3.08126680e-03 3.16453928e-03 3.25006224e-03 3.33789648e-03
 3.42810448e-03 3.52075039e-03 3.61590009e-03 3.71362125e-03
 3.81398337e-03 3.91705781e-03 4.02291788e-03 4.13163886e-03
 4.24329807e-03 4.35797491e-03 4.47575094e-03 4.59670992e-03
 4.72093786e-03 4.84852311e-03 4.97955641e-03 5.11413093e-03
 5.25234239e-03 5.39428906e-03 5.54007190e-03 5.68979458e-03
 5.84356358e-03 6.00148824e-03 6.16368089e-03 6.33025685e-03
 6.50133460e-03 6.67703580e-03 6.85748538e-03 7.04281170e-03
 7.23314653e-03 7.42862523e-03 7.62938683e-03 7.83557409e-03
 8.04733365e-03 8.26481609e-03 8.48817608e-03 8.71757247e-03
 8.95316839e-03 9.19513138e-03 9.44363352e-03 9.69885153e-03
 9.96096691e-03 1.02301661e-02 1.05066404e-02 1.07905866e-02
 1.10822066e-02 1.13817077e-02 1.16893030e-02 1.20052111e-02
 1.23296568e-02 1.26628707e-02 1.30050899e-02 1.33565577e-02
 1.37175241e-02 1.40882457e-02 1.44689862e-02 1.48600164e-02
 1.52616144e-02 1.56740657e-02 1.60976636e-02 1.65327095e-02
 1.69795127e-02 1.74383908e-02 1.79096704e-02 1.83936865e-02
 1.88907833e-02 1.94013143e-02 1.99256427e-02 2.04641412e-02
 2.10171929e-02 2.15851910e-02 2.21685395e-02 2.27676533e-02
 2.33829583e-02 2.40148922e-02 2.46639044e-02 2.53304563e-02
 2.60150221e-02 2.67180886e-02 2.74401558e-02 2.81817371e-02
 2.89433599e-02 2.97255659e-02 3.05289113e-02 3.13539675e-02
 3.22013211e-02 3.30715748e-02 3.39653475e-02 3.48832747e-02
 3.58260093e-02 3.67942217e-02 3.77886004e-02 3.88098525e-02
 3.98587045e-02 4.09359021e-02 4.20422114e-02 4.31784191e-02
 4.43453333e-02 4.55437839e-02 4.67746230e-02 4.80387261e-02
 4.93369921e-02 5.06703442e-02 5.20397307e-02 5.34461255e-02
 5.48905286e-02 5.63739673e-02 5.78974965e-02 5.94621998e-02
 6.10691897e-02 6.27196092e-02 6.44146320e-02 6.61554635e-02
 6.79433416e-02 6.97795378e-02 7.16653580e-02 7.36021433e-02
 7.55912709e-02 7.76341556e-02 7.97322500e-02 8.18870462e-02
 8.41000767e-02 8.63729153e-02 8.87071782e-02 9.11045255e-02
 9.35666621e-02 9.60953389e-02 9.86923543e-02 1.01359555e-01
 1.04098838e-01 1.06912151e-01 1.09801495e-01 1.12768925e-01
 1.15816551e-01 1.18946540e-01 1.22161118e-01 1.25462572e-01
 1.28853248e-01 1.32335559e-01 1.35911981e-01 1.39585057e-01
 1.43357400e-01 1.47231692e-01 1.51210688e-01 1.55297217e-01
 1.59494187e-01 1.63804582e-01 1.68231467e-01 1.72777991e-01
 1.77447386e-01 1.82242973e-01 1.87168163e-01 1.92226458e-01
 1.97421456e-01 2.02756850e-01 2.08236436e-01 2.13864110e-01
 2.19643874e-01 2.25579838e-01 2.31676224e-01 2.37937368e-01
 2.44367721e-01 2.50971858e-01 2.57754474e-01 2.64720392e-01
 2.71874568e-01 2.79222088e-01 2.86768178e-01 2.94518203e-01
 3.02477677e-01 3.10652258e-01 3.19047761e-01 3.27670156e-01
 3.36525574e-01 3.45620313e-01 3.54960842e-01 3.64553802e-01
 3.74406016e-01 3.84524490e-01 3.94916419e-01 4.05589195e-01
 4.16550407e-01 4.27807850e-01 4.39369530e-01 4.51243669e-01
 4.63438711e-01 4.75963330e-01 4.88826431e-01 5.02037163e-01
 5.15604920e-01 5.29539351e-01 5.43850366e-01 5.58548141e-01
 5.73643131e-01 5.89146068e-01 6.05067978e-01 6.21420185e-01
 6.38214316e-01 6.55462316e-01 6.73176450e-01 6.91369315e-01
 7.10053850e-01 7.29243342e-01 7.48951438e-01 7.69192153e-01
 7.89979882e-01 8.11329407e-01 8.33255912e-01 8.55774990e-01
 8.78902655e-01 9.02655354e-01 9.27049979e-01 9.52103879e-01
 9.77834871e-01 1.00426125e+00 1.03140182e+00 1.05927587e+00
 1.08790323e+00 1.11730425e+00 1.14749985e+00 1.17851150e+00
 1.21036125e+00 1.24307175e+00 1.27666627e+00 1.31116869e+00
 1.34660355e+00 1.38299606e+00 1.42037208e+00] [-1.67840921e-03 -1.72252021e-03 -1.76778696e-03 -1.81423954e-03
 -1.86190882e-03 -1.91082646e-03 -1.96102492e-03 -2.01253751e-03
 -2.06539839e-03 -2.11964258e-03 -2.17530602e-03 -2.23242555e-03
 -2.29103895e-03 -2.35118498e-03 -2.41290338e-03 -2.47623489e-03
 -2.54122132e-03 -2.60790551e-03 -2.67633140e-03 -2.74654406e-03
 -2.81858968e-03 -2.89251562e-03 -2.96837047e-03 -3.04620400e-03
 -3.12606728e-03 -3.20801264e-03 -3.29209374e-03 -3.37836558e-03
 -3.46688455e-03 -3.55770845e-03 -3.65089652e-03 -3.74650950e-03
 -3.84460962e-03 -3.94526068e-03 -4.04852806e-03 -4.15447877e-03
 -4.26318148e-03 -4.37470655e-03 -4.48912608e-03 -4.60651396e-03
 -4.72694589e-03 -4.85049944e-03 -4.97725405e-03 -5.10729115e-03
 -5.24069411e-03 -5.37754836e-03 -5.51794140e-03 -5.66196284e-03
 -5.80970446e-03 -5.96126027e-03 -6.11672651e-03 -6.27620175e-03
 -6.43978691e-03 -6.60758531e-03 -6.77970273e-03 -6.95624747e-03
 -7.13733036e-03 -7.32306486e-03 -7.51356708e-03 -7.70895584e-03
 -7.90935275e-03 -8.11488221e-03 -8.32567151e-03 -8.54185088e-03
 -8.76355349e-03 -8.99091560e-03 -9.22407653e-03 -9.46317875e-03
 -9.70836795e-03 -9.95979306e-03 -1.02176063e-02 -1.04819634e-02
 -1.07530233e-02 -1.10309485e-02 -1.13159052e-02 -1.16080629e-02
 -1.19075949e-02 -1.22146782e-02 -1.25294934e-02 -1.28522252e-02
 -1.31830618e-02 -1.35221955e-02 -1.38698224e-02 -1.42261427e-02
 -1.45913605e-02 -1.49656841e-02 -1.53493259e-02 -1.57425022e-02
 -1.61454337e-02 -1.65583453e-02 -1.69814660e-02 -1.74150292e-02
 -1.78592724e-02 -1.83144375e-02 -1.87807707e-02 -1.92585226e-02
 -1.97479477e-02 -2.02493053e-02 -2.07628588e-02 -2.12888757e-02
 -2.18276279e-02 -2.23793916e-02 -2.29444470e-02 -2.35230786e-02
 -2.41155749e-02 -2.47222283e-02 -2.53433353e-02 -2.59791960e-02
 -2.66301147e-02 -2.72963988e-02 -2.79783596e-02 -2.86763115e-02
 -2.93905722e-02 -3.01214627e-02 -3.08693065e-02 -3.16344298e-02
 -3.24171615e-02 -3.32178326e-02 -3.40367758e-02 -3.48743257e-02
 -3.57308183e-02 -3.66065903e-02 -3.75019795e-02 -3.84173237e-02
 -3.93529606e-02 -4.03092274e-02 -4.12864603e-02 -4.22849939e-02
 -4.33051608e-02 -4.43472909e-02 -4.54117108e-02 -4.64987434e-02
 -4.76087068e-02 -4.87419139e-02 -4.98986715e-02 -5.10792794e-02
 -5.22840298e-02 -5.35132060e-02 -5.47670816e-02 -5.60459196e-02
 -5.73499712e-02 -5.86794745e-02 -6.00346536e-02 -6.14157169e-02
 -6.28228564e-02 -6.42562454e-02 -6.57160381e-02 -6.72023669e-02
 -6.87153418e-02 -7.02550479e-02 -7.18215440e-02 -7.34148607e-02
 -7.50349983e-02 -7.66819250e-02 -7.83555745e-02 -8.00558436e-02
 -8.17825907e-02 -8.35356322e-02 -8.53147409e-02 -8.71196431e-02
 -8.89500156e-02 -9.08054834e-02 -9.26856162e-02 -9.45899258e-02
 -9.65178628e-02 -9.84688134e-02 -1.00442096e-01 -1.02436957e-01
 -1.04452571e-01 -1.06488029e-01 -1.08542345e-01 -1.10614444e-01
 -1.12703163e-01 -1.14807242e-01 -1.16925327e-01 -1.19055959e-01
 -1.21197573e-01 -1.23348495e-01 -1.25506935e-01 -1.27670982e-01
 -1.29838604e-01 -1.32007639e-01 -1.34175794e-01 -1.36340637e-01
 -1.38499597e-01 -1.40649956e-01 -1.42788848e-01 -1.44913250e-01
 -1.47019984e-01 -1.49105711e-01 -1.51166925e-01 -1.53199953e-01
 -1.55200948e-01 -1.57165892e-01 -1.59090589e-01 -1.60970661e-01
 -1.62801554e-01 -1.64578530e-01 -1.66296668e-01 -1.67950866e-01
 -1.69535839e-01 -1.71046123e-01 -1.72476073e-01 -1.73819870e-01
 -1.75071525e-01 -1.76224880e-01 -1.77273616e-01 -1.78211262e-01
 -1.79031201e-01 -1.79726680e-01 -1.80290822e-01 -1.80716637e-01
 -1.80997039e-01 -1.81124859e-01 -1.81092864e-01 -1.80893777e-01
 -1.80520299e-01 -1.79965130e-01 -1.79220999e-01 -1.78280689e-01
 -1.77137067e-01 -1.75783121e-01 -1.74211992e-01 -1.72417013e-01
 -1.70391749e-01 -1.68130042e-01 -1.65626055e-01 -1.62874324e-01
 -1.59869805e-01 -1.56607935e-01 -1.53084682e-01 -1.49296610e-01
 -1.45240937e-01 -1.40915607e-01 -1.36319348e-01 -1.31451752e-01
 -1.26313336e-01 -1.20905624e-01 -1.15231218e-01 -1.09293876e-01
 -1.03098586e-01 -9.66516495e-02 -8.99607529e-02 -8.30350491e-02
 -7.58852324e-02 -6.85236130e-02 -6.09641901e-02 -5.32227209e-02
 -4.53167874e-02 -3.72658579e-02 -2.90913447e-02 -2.08166551e-02
 -1.24672375e-02 -4.07061946e-03  4.34356175e-03  1.27435374e-02
  2.10953963e-02  2.93630846e-02  3.75084194e-02  4.54911167e-02
  5.32688359e-02  6.07972415e-02  6.80300848e-02  7.49193054e-02
  8.14151545e-02  8.74663390e-02  9.30201892e-02  9.80228487e-02
  1.02419487e-01  1.06154537e-01  1.09171955e-01  1.11415500e-01
  1.12829048e-01  1.13356914e-01  1.12944209e-01  1.11537207e-01
  1.09083744e-01  1.05533622e-01  1.00839041e-01  9.49550386e-02
  8.78399442e-02  7.94558415e-02  6.97690381e-02  5.87505369e-02
  4.63765069e-02  3.26287487e-02  1.74951492e-02  9.70123123e-04
 -1.69449675e-02 -3.62414177e-02 -5.69028165e-02 -7.89047205e-02
 -1.02214371e-01 -1.26790459e-01 -1.52582951e-01 -1.79532964e-01
 -2.07572723e-01 -2.36625574e-01 -2.66606087e-01 -2.97420232e-01
 -3.28965648e-01 -3.61131993e-01 -3.93801395e-01 -4.26848981e-01
 -4.60143500e-01 -4.93547996e-01 -5.26920542e-01 -5.60114988e-01
 -5.92981723e-01 -6.25368459e-01 -6.57121055e-01 -6.88084460e-01
 -7.18103807e-01 -7.47025689e-01 -7.74699555e-01 -8.00979144e-01
 -8.25723878e-01 -8.48800158e-01 -8.70082567e-01 -8.89454990e-01
 -9.06811666e-01 -9.22058152e-01 -9.35112211e-01 -9.45904595e-01
 -9.54379702e-01 -9.60496102e-01 -9.64226913e-01 -9.65560018e-01
 -9.64498133e-01 -9.61058714e-01 -9.55273721e-01 -9.47189240e-01
 -9.36864973e-01 -9.24373618e-01 -9.09800131e-01 -8.93240903e-01
 -8.74802855e-01 -8.54602460e-01 -8.32764714e-01 -8.09422056e-01
 -7.84713258e-01 -7.58782285e-01 -7.31777144e-01 -7.03848719e-01
 -6.75149618e-01 -6.45833014e-01 -6.16051516e-01 -5.85956056e-01
 -5.55694812e-01 -5.25412173e-01 -4.95247750e-01 -4.65335453e-01
 -4.35802623e-01 -4.06769248e-01 -3.78347256e-01 -3.50639891e-01
 -3.23741181e-01 -2.97735503e-01 -2.72697244e-01 -2.48690569e-01
 -2.25769299e-01 -2.03976926e-01 -1.83346747e-01 -1.63902166e-01
 -1.45657147e-01 -1.28616823e-01 -1.12778254e-01 -9.81312810e-02
 -8.46594526e-02 -7.23409387e-02 -6.11493880e-02 -5.10546667e-02
 -4.20234458e-02 -3.40196046e-02 -2.70044433e-02 -2.09366830e-02
 -1.57722393e-02 -1.14637301e-02 -7.95964617e-03 -5.20321616e-03
 -3.13077178e-03 -1.66963921e-03 -7.35458874e-04 -2.28884159e-04
 -3.16427430e-05  0.00000000e+00  0.00000000e+00]
-0.16932566367385055
0.0
-0.1690979744584246
Completed spline test
[-2.03487890e+01 -2.03450596e+01 -2.03337622e+01 -2.03149250e+01
 -2.02885764e+01 -2.02547446e+01 -2.02134579e+01 -2.01647446e+01
 -2.01086329e+01 -2.00451548e+01 -1.99743606e+01 -1.98963056e+01
 -1.98110453e+01 -1.97186376e+01 -1.96191529e+01 -1.95126654e+01
 -1.93992496e+01 -1.92789821e+01 -1.91519524e+01 -1.90182546e+01
 -1.88779829e+01 -1.87312332e+01 -1.85781129e+01 -1.84187339e+01
 -1.82532082e+01 -1.80816492e+01 -1.79041804e+01 -1.77209298e+01
 -1.75320253e+01 -1.73375963e+01 -1.71377805e+01 -1.69327204e+01
 -1.67225579e+01 -1.65074361e+01 -1.62875055e+01 -1.60629201e+01
 -1.58338339e+01 -1.56004017e+01 -1.53627841e+01 -1.51211446e+01
 -1.48756471e+01 -1.46264556e+01 -1.43737386e+01 -1.41176669e+01
 -1.38584115e+01 -1.35961433e+01 -1.33310363e+01 -1.30632658e+01
 -1.27930074e+01 -1.25204365e+01 -1.22457301e+01 -1.19690658e+01
 -1.16906212e+01 -1.14105739e+01 -1.11291014e+01 -1.08463807e+01
 -1.05625889e+01 -1.02779030e+01 -9.99249857e+00 -9.70654983e+00
 -9.42023103e+00 -9.13371623e+00 -8.84717683e+00 -8.56078180e+00
 -8.27470007e+00 -7.98910035e+00 -7.70414769e+00 -7.42000360e+00
 -7.13682946e+00 -6.85478643e+00 -6.57403122e+00 -6.29471581e+00
 -6.01699200e+00 -5.74101138e+00 -5.46692043e+00 -5.19485982e+00
 -4.92496991e+00 -4.65739089e+00 -4.39225736e+00 -4.12969707e+00
 -3.86983737e+00 -3.61280543e+00 -3.35872256e+00 -3.10770230e+00
 -2.85985763e+00 -2.61530142e+00 -2.37414053e+00 -2.13647318e+00
 -1.90239696e+00 -1.67200934e+00 -1.44540179e+00 -1.22265652e+00
 -1.00385490e+00 -7.89078244e-01 -5.78402038e-01 -3.71891951e-01
 -1.69612713e-01  2.83709990e-02  2.22000073e-01  4.11225549e-01
  5.95999545e-01  7.76274222e-01  9.52006930e-01  1.12316532e+00
  1.28971825e+00  1.45163462e+00  1.60888807e+00  1.76146252e+00
  1.90934322e+00  2.05251544e+00  2.19096873e+00  2.32470262e+00
  2.45371809e+00  2.57801615e+00  2.69760155e+00  2.81248866e+00
  2.92269338e+00  3.02823161e+00  3.12912248e+00  3.22539413e+00
  3.31707626e+00  3.40419857e+00  3.48679347e+00  3.56490169e+00
  3.63856552e+00  3.70782725e+00  3.77273138e+00  3.83332985e+00
  3.88967608e+00  3.94182355e+00  3.98982747e+00  4.03374951e+00
  4.07365280e+00  4.10960050e+00  4.14165708e+00  4.16989240e+00
  4.19437766e+00  4.21518408e+00  4.23238383e+00  4.24605338e+00
  4.25627038e+00  4.26311248e+00  4.26665799e+00  4.26698840e+00
  4.26418614e+00  4.25833365e+00  4.24951376e+00  4.23781139e+00
  4.22331213e+00  4.20610156e+00  4.18626545e+00  4.16389061e+00
  4.13906418e+00  4.11187333e+00  4.08240524e+00  4.05074710e+00
  4.01698617e+00  3.98120965e+00  3.94350468e+00  3.90395750e+00
  3.86265400e+00  3.81968008e+00  3.77512142e+00  3.72906207e+00
  3.68158529e+00  3.63277439e+00  3.58271236e+00  3.53147989e+00
  3.47915651e+00  3.42582173e+00  3.37155476e+00  3.31643196e+00
  3.26052813e+00  3.20391806e+00  3.14667622e+00  3.08887379e+00
  3.03057999e+00  2.97186404e+00  2.91279482e+00  2.85343767e+00
  2.79385564e+00  2.73411170e+00  2.67426858e+00  2.61438523e+00
  2.55451801e+00  2.49472321e+00  2.43505686e+00  2.37557118e+00
  2.31631550e+00  2.25733910e+00  2.19869099e+00  2.14041647e+00
  2.08255773e+00  2.02515685e+00  1.96825577e+00  1.91189273e+00
  1.85610277e+00  1.80092082e+00  1.74638162e+00  1.69251651e+00
  1.63935347e+00  1.58692039e+00  1.53524500e+00  1.48435187e+00
  1.43426227e+00  1.38499729e+00  1.33657794e+00  1.28902234e+00
  1.24234533e+00  1.19656160e+00  1.15168575e+00  1.10772984e+00
  1.06470279e+00  1.02261336e+00  9.81470241e-01  9.41279892e-01
  9.02045849e-01  8.63771442e-01  8.26459963e-01  7.90112823e-01
  7.54728742e-01  7.20306235e-01  6.86843788e-01  6.54338338e-01
  6.22784412e-01  5.92176331e-01  5.62508400e-01  5.33773685e-01
  5.05963162e-01  4.79067612e-01  4.53077803e-01  4.27983548e-01
  4.03772914e-01  3.80433783e-01  3.57954033e-01  3.36320839e-01
  3.15519990e-01  2.95537113e-01  2.76357830e-01  2.57967285e-01
  2.40349590e-01  2.23488722e-01  2.07368657e-01  1.91973079e-01
  1.77284991e-01  1.63287294e-01  1.49962893e-01  1.37294550e-01
  1.25264675e-01  1.13855622e-01  1.03049743e-01  9.28293735e-02
  8.31767986e-02  7.40742946e-02  6.55041376e-02  5.74486758e-02
  4.98904757e-02  4.28121458e-02  3.61962944e-02  3.00256651e-02
  2.42834534e-02  1.89529486e-02  1.40174404e-02  9.46039386e-03
  5.26591619e-03  1.41826104e-03 -2.09831790e-03 -5.29936961e-03
 -8.19965358e-03 -1.08137319e-02 -1.31561668e-02 -1.52413163e-02
 -1.70826446e-02 -1.86933712e-02 -2.00867156e-02 -2.12756980e-02
 -2.22723811e-02 -2.30885411e-02 -2.37359539e-02 -2.42262089e-02
 -2.45699130e-02 -2.47773511e-02 -2.48588080e-02 -2.48243997e-02
 -2.46832679e-02 -2.44442056e-02 -2.41160053e-02 -2.37073115e-02
 -2.32258316e-02 -2.26789063e-02 -2.20738757e-02 -2.14179542e-02
 -2.07174781e-02 -1.99784101e-02 -1.92067115e-02 -1.84082393e-02
 -1.75880499e-02 -1.67508280e-02 -1.59012564e-02 -1.50439342e-02
 -1.41827482e-02 -1.33212264e-02 -1.24628937e-02 -1.16112098e-02
 -1.07690171e-02 -9.93882024e-03 -9.12312045e-03 -8.32436902e-03
 -7.54449770e-03 -6.78512916e-03 -6.04788196e-03 -5.33433816e-03
 -4.64565530e-03 -3.98271700e-03 -3.34640233e-03 -2.73756462e-03
 -2.15672244e-03 -1.60416027e-03 -1.08015776e-03 -5.84977278e-04
 -1.18628408e-04  3.19070794e-04  7.28307021e-04  1.10927789e-03
  1.46236137e-03  1.78808336e-03  2.08697415e-03  2.35957032e-03
  2.60652685e-03  2.82860387e-03  3.02656514e-03  3.20117758e-03
  3.35327538e-03  3.48375746e-03  3.59352532e-03  3.68348155e-03
  3.75455561e-03  3.80770485e-03  3.84388794e-03  3.86406343e-03
  3.86918625e-03  3.86020725e-03  3.83807708e-03  3.80374565e-03
  3.75813780e-03  3.70214783e-03  3.63666820e-03  3.56259039e-03
  3.48076719e-03  3.39200031e-03  3.29708796e-03  3.19682740e-03
  3.09197005e-03  2.98320170e-03  2.87120312e-03  2.75665427e-03
  2.64018721e-03  2.52235976e-03  2.40372334e-03  2.28482875e-03
  2.16618069e-03  2.04820627e-03  1.93132517e-03  1.81595667e-03
  1.70247829e-03  1.59119145e-03  1.48238947e-03  1.37636537e-03
  1.27337646e-03  1.17360918e-03  1.07724162e-03  9.84451708e-04
  8.95388363e-04  8.10137915e-04  7.28778550e-04  6.51388370e-04
  5.78023203e-04  5.08686555e-04  4.43374433e-04  3.82082807e-04
  3.24791656e-04  2.71440027e-04  2.21960511e-04  1.76285685e-04
  1.34337644e-04  9.60091954e-05  6.11880732e-05  2.97620085e-05
  1.61277659e-06 -2.33960224e-05 -4.54042429e-05 -6.45517397e-05
 -8.09807405e-05 -9.48413918e-05 -1.06285490e-04 -1.15464832e-04
 -1.22531213e-04 -1.27636430e-04 -1.30932281e-04 -1.32570560e-04]
[-2.03487890e+01 -2.03356877e+01 -2.03239912e+01 -2.03086572e+01
 -2.02884511e+01 -2.02637767e+01 -2.02180983e+01 -2.01578259e+01
 -2.01042071e+01 -2.00474214e+01 -1.99761334e+01 -1.98919109e+01
 -1.98079234e+01 -1.97144318e+01 -1.96161825e+01 -1.95044343e+01
 -1.93930214e+01 -1.92743671e+01 -1.91431283e+01 -1.90114955e+01
 -1.88658735e+01 -1.87216830e+01 -1.85634008e+01 -1.84068925e+01
 -1.82373472e+01 -1.80687101e+01 -1.78896663e+01 -1.77090277e+01
 -1.75237019e+01 -1.73309924e+01 -1.71414485e+01 -1.69365983e+01
 -1.67469450e+01 -1.65296915e+01 -1.63076841e+01 -1.61132932e+01
 -1.58791183e+01 -1.56908932e+01 -1.54442064e+01 -1.52659551e+01
 -1.50063492e+01 -1.48417486e+01 -1.45687859e+01 -1.44209575e+01
 -1.41342246e+01 -1.40062919e+01 -1.37054001e+01 -1.35992367e+01
 -1.32839082e+01 -1.29690237e+01 -1.28707579e+01 -1.25421749e+01
 -1.24662788e+01 -1.21240442e+01 -1.20693209e+01 -1.17137181e+01
 -1.16784702e+01 -1.13100098e+01 -1.12895676e+01 -1.09091205e+01
 -1.09003227e+01 -1.05089791e+01 -1.05033710e+01 -1.01026859e+01
 -1.00951035e+01 -9.68685734e+00 -9.28550852e+00 -9.25281723e+00
 -8.84672427e+00 -8.79621816e+00 -8.38775473e+00 -8.30743482e+00
 -7.89940036e+00 -7.78155755e+00 -7.37691843e+00 -7.21096722e+00
 -6.81295366e+00 -6.58947811e+00 -6.20149244e+00 -5.91243962e+00
 -5.53796817e+00 -5.17213675e+00 -4.81910435e+00 -4.47011497e+00
 -4.04198654e+00 -3.71321602e+00 -3.20736764e+00 -2.90202482e+00
 -2.31508906e+00 -2.03624915e+00 -1.37204479e+00 -1.12238439e+00
 -3.79571959e-01 -1.61584744e-01  6.48822296e-01  8.33255155e-01
  1.70717880e+00  1.85650122e+00  2.00099856e+00  2.89628016e+00
  3.00536240e+00  3.93553216e+00  4.00887241e+00  4.96483025e+00
  5.00249041e+00  5.96680372e+00  5.96947131e+00  6.92238243e+00
  6.89139496e+00  7.82275691e+00  7.75975579e+00  8.64363298e+00
  8.55101377e+00  8.45845754e+00  9.25795690e+00  9.13895631e+00
  9.86349824e+00  9.72111100e+00  1.03582668e+01  1.01957971e+01
  1.07320662e+01  1.05530732e+01  1.09795781e+01  1.07877257e+01
  1.10953074e+01  1.08943599e+01  1.10796164e+01  1.08732739e+01
  1.09334329e+01  1.07253134e+01  1.05198505e+01  1.04558743e+01
  1.02520778e+01  1.00714155e+01  9.87241618e+00  9.58301229e+00
  9.39160600e+00  9.00194505e+00  8.82059558e+00  8.34288133e+00
  8.17364679e+00  7.62122758e+00  7.46575382e+00  6.85370563e+00
  6.71320707e+00  6.57463120e+00  5.93271293e+00  5.80968686e+00
  5.14117434e+00  5.03405754e+00  4.35481080e+00  4.26357724e+00
  3.58918959e+00  3.51345401e+00  2.85840348e+00  2.79746483e+00
  2.17482074e+00  2.12770938e+00  1.54904180e+00  1.51456576e+00
  9.89116712e-01  9.65922501e-01  9.43073958e-01  4.87691264e-01
  4.74525602e-01  8.32286637e-02  7.82427634e-02 -2.46337007e-01
 -2.44654334e-01 -5.02118919e-01 -4.95240828e-01 -6.87244803e-01
 -6.76566683e-01 -8.06620860e-01 -7.93426841e-01 -8.66668399e-01
 -8.52104322e-01 -8.37702497e-01 -8.59985519e-01 -8.45209893e-01
 -8.25273564e-01 -8.10934053e-01 -7.56602141e-01 -7.43337782e-01
 -6.62697775e-01 -6.50978900e-01 -5.52046109e-01 -5.42182599e-01
 -4.32635224e-01 -4.24789152e-01 -3.11630987e-01 -3.05834635e-01
 -1.95279147e-01 -1.91454165e-01 -1.87677145e-01 -8.66975530e-02
 -8.47043259e-02  4.85239965e-03  5.28762091e-03  7.94013894e-02
  7.85669547e-02  1.40095865e-01  1.38224678e-01  1.68673412e-01
  1.66299134e-01  2.34891269e-01  2.31397692e-01  7.33889338e-02
  7.24717224e-02  7.15616807e-02  7.04202275e-01  6.93086588e-01
  6.82088498e-01  6.71207381e-01  6.60442610e-01  6.49793561e-01
  6.39259606e-01  6.28840122e-01  6.18534482e-01  6.08342062e-01
  5.98262234e-01  5.88294375e-01  5.78437857e-01  5.68692057e-01
  5.59056348e-01  5.49530105e-01  5.40112702e-01  5.30803514e-01
  5.21601915e-01  5.12507280e-01  5.03518984e-01  4.94636400e-01
  4.85858903e-01  4.77185867e-01  4.68616668e-01  4.60150680e-01
  4.51787277e-01  4.43525833e-01  4.35365723e-01  4.27306322e-01
  4.19347004e-01  4.11487144e-01  4.03726115e-01  3.96063293e-01
  3.88498052e-01  3.81029767e-01  3.73657811e-01  3.66381560e-01
  3.59200388e-01  3.52113669e-01  3.45120777e-01  3.38221089e-01
  3.31413977e-01  3.24698816e-01  3.18074981e-01  3.11541846e-01
  3.05098786e-01  2.98745176e-01  2.92480389e-01  2.86303800e-01
  2.80214784e-01  2.74212715e-01  2.68296967e-01  2.62466916e-01
  2.56721935e-01  2.51061399e-01  2.45484683e-01  2.39991161e-01
  2.34580208e-01  2.29251197e-01  2.24003504e-01  2.18836503e-01
  2.13749568e-01  2.08742074e-01  2.03813396e-01  1.98962907e-01
  1.94189983e-01  1.89493998e-01  1.84874326e-01  1.80330342e-01
  1.75861420e-01  1.71466934e-01  1.67146260e-01  1.62898772e-01
  1.58723844e-01  1.54620851e-01  1.50589167e-01  1.46628166e-01
  1.42737224e-01  1.38915714e-01  1.35163011e-01  1.31478490e-01
  1.27861525e-01  1.24311491e-01  1.20827761e-01  1.17409711e-01
  1.14056715e-01  1.10768148e-01  1.07543383e-01  1.04381796e-01
  1.01282760e-01  9.82456514e-02  9.52698433e-02  9.23547106e-02
  8.94996277e-02  8.67039691e-02  8.39671093e-02  8.12884227e-02
  7.86672839e-02  7.61030673e-02  7.35951475e-02  7.11428988e-02
  6.87456958e-02  6.64029130e-02  6.41139248e-02  6.18781057e-02
  5.96948302e-02  5.75634727e-02  5.54834079e-02  5.34540101e-02
  5.14746538e-02  4.95447135e-02  4.76635637e-02  4.58305788e-02
  4.40451334e-02  4.23066019e-02  4.06143588e-02  3.89677786e-02
  3.73662358e-02  3.58091049e-02  3.42957602e-02  3.28255764e-02
  3.13979279e-02  3.00121891e-02  2.86677346e-02  2.73639388e-02
  2.61001763e-02  2.48758214e-02  2.36902487e-02  2.25428327e-02
  2.14329478e-02  2.03599686e-02  1.93232694e-02  1.83222248e-02
  1.73562093e-02  1.64245974e-02  1.55267634e-02  1.46620820e-02
  1.38299276e-02  1.30296746e-02  1.22606976e-02  1.15223710e-02
  1.08140693e-02  1.01351670e-02  9.48503862e-03  8.86305856e-03
  8.26860134e-03  7.70104144e-03  7.15975334e-03  6.64411152e-03
  6.15349046e-03  5.68726464e-03  5.24480854e-03  4.82549664e-03
  4.42870343e-03  4.05380339e-03  3.70017099e-03  3.36718071e-03
  3.05420705e-03  2.76062447e-03  2.48580747e-03  2.22913052e-03
  1.98996809e-03  1.76769469e-03  1.56168477e-03  1.37131283e-03
  1.19595335e-03  1.03498081e-03  8.87769679e-04  7.53694451e-04
  6.32129603e-04  5.22449616e-04  4.24028971e-04  3.36242150e-04
  2.58463633e-04  1.90067900e-04  1.30429434e-04  7.89227148e-05
  3.49222238e-05 -2.19755818e-06 -3.30621501e-05 -5.82970709e-05
 -7.85278397e-05 -9.43799754e-05 -1.06478997e-04 -1.15450424e-04
 -1.21919774e-04 -1.26512568e-04 -1.29854323e-04 -1.32570560e-04]
[ 0.00000000e+00 -9.37186973e-03 -9.77097536e-03 -6.26781566e-03
 -1.25287359e-04  9.03205039e-03  4.64037422e-03 -6.91862024e-03
 -4.42580394e-03  2.26657418e-03  1.77283548e-03 -4.39467061e-03
 -3.12188813e-03 -4.20580791e-03 -2.97036941e-03 -8.23106610e-03
 -6.22821994e-03 -4.61496973e-03 -8.82407436e-03 -6.75909909e-03
 -1.21093991e-02 -9.55019444e-03 -1.47120919e-02 -1.18413974e-02
 -1.58610450e-02 -1.29391174e-02 -1.45140290e-02 -1.19020487e-02
 -8.32341725e-03 -6.60385184e-03  3.66795350e-03  3.87795175e-03
  2.43871688e-02  2.22553240e-02  2.01785503e-02  5.03730908e-02
  4.52844118e-02  9.04914875e-02  8.14223533e-02  1.44810482e-01
  1.30702177e-01  2.15292999e-01  1.95047242e-01  3.03290575e-01
  2.75813128e-01  4.10148559e-01  3.74363857e-01  5.35970874e-01
  4.90900870e-01  4.48587174e-01  6.25027756e-01  5.73109151e-01
  7.75657663e-01  7.13470268e-01  9.40219547e-01  8.67337456e-01
  1.11588130e+00  1.03210679e+00  1.29706899e+00  1.20257069e+00
  1.48009164e+00  1.37526285e+00  1.65619417e+00  1.54190412e+00
  1.82040348e+00  1.69775700e+00  1.58136083e+00  1.83281363e+00
  1.70989481e+00  1.94143172e+00  1.81372351e+00  2.01271901e+00
  1.88240836e+00  2.04054617e+00  1.90999799e+00  2.01610740e+00
  1.88798375e+00  1.93208722e+00  1.80923508e+00  1.78274254e+00
  1.66813080e+00  1.55933132e+00  1.46038179e+00  1.36241267e+00
  1.18212891e+00  1.09791460e+00  8.33227113e-01  7.65551636e-01
  4.12692096e-01  3.64239815e-01 -7.33570031e-02 -1.00272129e-01
 -6.24282938e-01 -6.27493500e-01 -1.22722433e+00 -1.20514711e+00
 -1.87679151e+00 -1.82813022e+00 -1.77899848e+00 -2.48505461e+00
 -2.40936286e+00 -3.15925794e+00 -3.05686548e+00 -3.84166494e+00
 -3.71277215e+00 -4.51516911e+00 -4.36058324e+00 -5.16091992e+00
 -4.98205174e+00 -5.77024147e+00 -5.56878706e+00 -6.31893036e+00
 -6.09729568e+00 -5.88044138e+00 -6.56035535e+00 -6.32646766e+00
 -6.94080486e+00 -6.69287939e+00 -7.22914428e+00 -6.97040298e+00
 -7.41498992e+00 -7.14887458e+00 -7.49278466e+00 -7.22282402e+00
 -7.45674184e+00 -7.18653269e+00 -7.30688502e+00 -7.03994409e+00
 -7.04375677e+00 -6.78348986e+00 -6.53002303e+00 -6.42212481e+00
 -6.17842499e+00 -5.96181498e+00 -5.73075910e+00 -5.41311989e+00
 -5.19722834e+00 -4.78676097e+00 -4.58821176e+00 -4.09682795e+00
 -3.91737641e+00 -3.35811510e+00 -3.19909583e+00 -2.58671723e+00
 -2.44902093e+00 -2.31629756e+00 -1.68319917e+00 -1.57187546e+00
 -9.17862210e-01 -8.27955983e-01 -1.68545344e-01 -9.96866332e-02
  5.49874591e-01  5.98419325e-01  1.22400176e+00  1.25328227e+00
  1.84216543e+00  1.85350027e+00  2.39446287e+00  2.38939173e+00
  2.87353729e+00  2.85375758e+00  2.83204747e+00  3.24137080e+00
  3.20705969e+00  3.54954572e+00  3.50446959e+00  3.77781690e+00
  3.72381084e+00  3.92794065e+00  3.86679559e+00  4.00367676e+00
  3.93709482e+00  4.01053893e+00  3.94010306e+00  3.95554219e+00
  3.88268431e+00  3.80956653e+00  3.77278034e+00  3.69864757e+00
  3.61912920e+00  3.54504575e+00  3.43087072e+00  3.35772302e+00
  3.21721579e+00  3.14570211e+00  2.98710297e+00  2.91775378e+00
  2.74895073e+00  2.68212825e+00  2.51032198e+00  2.44625111e+00
  2.27783687e+00  2.21661102e+00  2.15593291e+00  1.99859028e+00
  1.94080710e+00  1.79606842e+00  1.74109400e+00  1.61311512e+00
  1.56078652e+00  1.44682452e+00  1.39702032e+00  1.31567846e+00
  1.26796313e+00  1.15010602e+00  1.10518025e+00  1.21563340e+00
  1.16987360e+00  1.12499992e+00  4.47483475e-01  4.14643249e-01
  3.82614294e-01  3.51405983e-01  3.21027631e-01  2.91486332e-01
  2.62786243e-01  2.34931320e-01  2.07925480e-01  1.81770761e-01
  1.56466508e-01  1.32011860e-01  1.08405931e-01  8.56462808e-02
  6.37280635e-02  4.26462258e-02  2.23956982e-02  2.97017057e-03
 -1.56387530e-02 -3.34396681e-02 -5.04411805e-02 -6.66528518e-02
 -8.20859889e-02 -9.67520843e-02 -1.10662636e-01 -1.23829841e-01
 -1.36267286e-01 -1.47988720e-01 -1.59007893e-01 -1.69339037e-01
 -1.78997414e-01 -1.87998422e-01 -1.96357458e-01 -2.04090214e-01
 -2.11213061e-01 -2.17742472e-01 -2.23694918e-01 -2.29087010e-01
 -2.33935712e-01 -2.38258047e-01 -2.42071035e-01 -2.45391715e-01
 -2.48237178e-01 -2.50624521e-01 -2.52570843e-01 -2.54093171e-01
 -2.55208311e-01 -2.55933030e-01 -2.56284094e-01 -2.56278135e-01
 -2.55931330e-01 -2.55259766e-01 -2.54279527e-01 -2.53006522e-01
 -2.51456019e-01 -2.49643138e-01 -2.47583001e-01 -2.45290531e-01
 -2.42779861e-01 -2.40064929e-01 -2.37159671e-01 -2.34077819e-01
 -2.30832213e-01 -2.27435445e-01 -2.23900112e-01 -2.20238605e-01
 -2.16462364e-01 -2.12582539e-01 -2.08610280e-01 -2.04556550e-01
 -2.00431333e-01 -1.96244285e-01 -1.92005068e-01 -1.87723172e-01
 -1.83407112e-01 -1.79065057e-01 -1.74705172e-01 -1.70335478e-01
 -1.65963055e-01 -1.61594620e-01 -1.57236887e-01 -1.52896444e-01
 -1.48579003e-01 -1.44289901e-01 -1.40034473e-01 -1.35817950e-01
 -1.31644765e-01 -1.27518975e-01 -1.23444639e-01 -1.19425730e-01
 -1.15465509e-01 -1.11566878e-01 -1.07732737e-01 -1.03965920e-01
 -1.00268645e-01 -9.66427893e-02 -9.30902297e-02 -8.96127917e-02
 -8.62117816e-02 -8.28881965e-02 -7.96430294e-02 -7.64772370e-02
 -7.33913511e-02 -7.03856300e-02 -6.74603271e-02 -6.46156703e-02
 -6.18515526e-02 -5.91676330e-02 -5.65635656e-02 -5.40389873e-02
 -5.15932822e-02 -4.92256427e-02 -4.69352566e-02 -4.47213009e-02
 -4.25827720e-02 -4.05185185e-02 -3.85273847e-02 -3.66082083e-02
 -3.47597090e-02 -3.29805010e-02 -3.12691951e-02 -2.96243988e-02
 -2.80446525e-02 -2.65284316e-02 -2.50742093e-02 -2.36804573e-02
 -2.23456207e-02 -2.10681166e-02 -1.98463608e-02 -1.86787693e-02
 -1.75637616e-02 -1.64997613e-02 -1.54851923e-02 -1.45184792e-02
 -1.35980715e-02 -1.27224495e-02 -1.18900952e-02 -1.10994916e-02
 -1.03491604e-02 -9.63767429e-03 -8.96360962e-03 -8.32554358e-03
 -7.72209926e-03 -7.15196533e-03 -6.61383550e-03 -6.10640430e-03
 -5.62841413e-03 -5.17868168e-03 -4.75603001e-03 -4.35928277e-03
 -3.98730977e-03 -3.63905837e-03 -3.31348336e-03 -3.00953998e-03
 -2.72622514e-03 -2.46261193e-03 -2.21778152e-03 -1.99081534e-03
 -1.78083059e-03 -1.58701529e-03 -1.40856585e-03 -1.24467881e-03
 -1.09457973e-03 -9.57556772e-04 -8.32906223e-04 -7.19924464e-04
 -6.17930149e-04 -5.26294252e-04 -4.44395246e-04 -3.71611644e-04
 -3.07337947e-04 -2.51009589e-04 -2.02068461e-04 -1.59956464e-04
 -1.24125988e-04 -9.40587048e-05 -6.92413608e-05 -4.91607063e-05
 -3.33094472e-05 -2.11984642e-05 -1.23420928e-05 -6.25466880e-06
 -2.45290083e-06 -4.61416391e-07  1.93507085e-07 -1.44078301e-08
 -6.11438567e-07 -1.12386255e-06 -1.07795722e-06  0.00000000e+00]
TEST DENSITY
0.877404 9.164555 1.070423 2.376126 1.000000 1.426049
7.347124 7.347123 7.426534
6.568989 7.347123 7.426534
7.347124 6.568989 7.426534
spin k band 2 2 24
 4.351552 0.010650 0.000000
 -2.097014 3.812957 0.000000
 0.000000 0.000000 4.406008
 1.441954 0.793032 -0.000000
 -0.004028 1.645636 0.000000
 0.000000 -0.000000 1.426049

 7.347124 7.347123 7.426534 1679 1501 1501
status 0
status 0
status 0
status 0
status 0
status 0
status 0
status 0
status 0
status 0
status 0
status 0
status 0
status 0
status 0
finished making projector list
started setup_proj
calculating projector_values
onto_projector calcs
Done 
KLOOP 0
START FT
FINISH FT
READ PROJECTIONS
FINISH SETUP 0
6 34 37
15 15 13
READ PROJECTIONS
FINISH SETUP 1
14 26 17
15 15 13
READ PROJECTIONS
FINISH SETUP 2
34 6 3
15 15 13
READ PROJECTIONS
FINISH SETUP 3
26 14 23
15 15 13
START FT
FINISH FT
READ PROJECTIONS
FINISH SETUP 0
6 34 37
15 15 13
READ PROJECTIONS
FINISH SETUP 1
14 26 17
15 15 13
READ PROJECTIONS
FINISH SETUP 2
34 6 3
15 15 13
READ PROJECTIONS
FINISH SETUP 3
26 14 23
15 15 13
START FT
FINISH FT
READ PROJECTIONS
FINISH SETUP 0
6 34 37
15 15 13
READ PROJECTIONS
FINISH SETUP 1
14 26 17
15 15 13
READ PROJECTIONS
FINISH SETUP 2
34 6 3
15 15 13
READ PROJECTIONS
FINISH SETUP 3
26 14 23
15 15 13
START FT
FINISH FT
READ PROJECTIONS
FINISH SETUP 0
6 34 37
15 15 13
READ PROJECTIONS
FINISH SETUP 1
14 26 17
15 15 13
READ PROJECTIONS
FINISH SETUP 2
34 6 3
15 15 13
READ PROJECTIONS
FINISH SETUP 3
26 14 23
15 15 13
START FT
FINISH FT
READ PROJECTIONS
FINISH SETUP 0
6 34 37
15 15 13
READ PROJECTIONS
FINISH SETUP 1
14 26 17
15 15 13
READ PROJECTIONS
FINISH SETUP 2
34 6 3
15 15 13
READ PROJECTIONS
FINISH SETUP 3
26 14 23
15 15 13
START FT
FINISH FT
READ PROJECTIONS
FINISH SETUP 0
6 34 37
15 15 13
READ PROJECTIONS
FINISH SETUP 1
14 26 17
15 15 13
READ PROJECTIONS
FINISH SETUP 2
34 6 3
15 15 13
READ PROJECTIONS
FINISH SETUP 3
26 14 23
15 15 13
KLOOP 1
START FT
FINISH FT
READ PROJECTIONS
FINISH SETUP 0
6 34 37
15 15 13
READ PROJECTIONS
FINISH SETUP 1
14 26 17
15 15 13
READ PROJECTIONS
FINISH SETUP 2
34 6 3
15 15 13
READ PROJECTIONS
FINISH SETUP 3
26 14 23
15 15 13
START FT
FINISH FT
READ PROJECTIONS
FINISH SETUP 0
6 34 37
15 15 13
READ PROJECTIONS
FINISH SETUP 1
14 26 17
15 15 13
READ PROJECTIONS
FINISH SETUP 2
34 6 3
15 15 13
READ PROJECTIONS
FINISH SETUP 3
26 14 23
15 15 13
START FT
FINISH FT
READ PROJECTIONS
FINISH SETUP 0
6 34 37
15 15 13
READ PROJECTIONS
FINISH SETUP 1
14 26 17
15 15 13
READ PROJECTIONS
FINISH SETUP 2
34 6 3
15 15 13
READ PROJECTIONS
FINISH SETUP 3
26 14 23
15 15 13
START FT
FINISH FT
READ PROJECTIONS
FINISH SETUP 0
6 34 37
15 15 13
READ PROJECTIONS
FINISH SETUP 1
14 26 17
15 15 13
READ PROJECTIONS
FINISH SETUP 2
34 6 3
15 15 13
READ PROJECTIONS
FINISH SETUP 3
26 14 23
15 15 13
START FT
FINISH FT
READ PROJECTIONS
FINISH SETUP 0
6 34 37
15 15 13
READ PROJECTIONS
FINISH SETUP 1
14 26 17
15 15 13
READ PROJECTIONS
FINISH SETUP 2
34 6 3
15 15 13
READ PROJECTIONS
FINISH SETUP 3
26 14 23
15 15 13
START FT
FINISH FT
READ PROJECTIONS
FINISH SETUP 0
6 34 37
15 15 13
READ PROJECTIONS
FINISH SETUP 1
14 26 17
15 15 13
READ PROJECTIONS
FINISH SETUP 2
34 6 3
15 15 13
READ PROJECTIONS
FINISH SETUP 3
26 14 23
15 15 13
START FT
FINISH FT
READ PROJECTIONS
FINISH SETUP 0
6 34 37
15 15 13
READ PROJECTIONS
FINISH SETUP 1
14 26 17
15 15 13
READ PROJECTIONS
FINISH SETUP 2
34 6 3
15 15 13
READ PROJECTIONS
FINISH SETUP 3
26 14 23
15 15 13
KLOOP 2
START FT
FINISH FT
READ PROJECTIONS
FINISH SETUP 0
6 34 37
15 15 13
READ PROJECTIONS
FINISH SETUP 1
14 26 17
15 15 13
READ PROJECTIONS
FINISH SETUP 2
34 6 3
15 15 13
READ PROJECTIONS
FINISH SETUP 3
26 14 23
15 15 13
START FT
FINISH FT
READ PROJECTIONS
FINISH SETUP 0
6 34 37
15 15 13
READ PROJECTIONS
FINISH SETUP 1
14 26 17
15 15 13
READ PROJECTIONS
FINISH SETUP 2
34 6 3
15 15 13
READ PROJECTIONS
FINISH SETUP 3
26 14 23
15 15 13
START FT
FINISH FT
READ PROJECTIONS
FINISH SETUP 0
6 34 37
15 15 13
READ PROJECTIONS
FINISH SETUP 1
14 26 17
15 15 13
READ PROJECTIONS
FINISH SETUP 2
34 6 3
15 15 13
READ PROJECTIONS
FINISH SETUP 3
26 14 23
15 15 13
START FT
FINISH FT
READ PROJECTIONS
FINISH SETUP 0
6 34 37
15 15 13
READ PROJECTIONS
FINISH SETUP 1
14 26 17
15 15 13
READ PROJECTIONS
FINISH SETUP 2
34 6 3
15 15 13
READ PROJECTIONS
FINISH SETUP 3
26 14 23
15 15 13
START FT
FINISH FT
READ PROJECTIONS
FINISH SETUP 0
6 34 37
15 15 13
READ PROJECTIONS
FINISH SETUP 1
14 26 17
15 15 13
READ PROJECTIONS
FINISH SETUP 2
34 6 3
15 15 13
READ PROJECTIONS
FINISH SETUP 3
26 14 23
15 15 13
START FT
FINISH FT
READ PROJECTIONS
FINISH SETUP 0
6 34 37
15 15 13
READ PROJECTIONS
FINISH SETUP 1
14 26 17
15 15 13
READ PROJECTIONS
FINISH SETUP 2
34 6 3
15 15 13
READ PROJECTIONS
FINISH SETUP 3
26 14 23
15 15 13
KLOOP 3
START FT
FINISH FT
READ PROJECTIONS
FINISH SETUP 0
6 34 37
15 15 13
READ PROJECTIONS
FINISH SETUP 1
14 26 17
15 15 13
READ PROJECTIONS
FINISH SETUP 2
34 6 3
15 15 13
READ PROJECTIONS
FINISH SETUP 3
26 14 23
15 15 13
START FT
FINISH FT
READ PROJECTIONS
FINISH SETUP 0
6 34 37
15 15 13
READ PROJECTIONS
FINISH SETUP 1
14 26 17
15 15 13
READ PROJECTIONS
FINISH SETUP 2
34 6 3
15 15 13
READ PROJECTIONS
FINISH SETUP 3
26 14 23
15 15 13
START FT
FINISH FT
READ PROJECTIONS
FINISH SETUP 0
6 34 37
15 15 13
READ PROJECTIONS
FINISH SETUP 1
14 26 17
15 15 13
READ PROJECTIONS
FINISH SETUP 2
34 6 3
15 15 13
READ PROJECTIONS
FINISH SETUP 3
26 14 23
15 15 13
START FT
FINISH FT
READ PROJECTIONS
FINISH SETUP 0
6 34 37
15 15 13
READ PROJECTIONS
FINISH SETUP 1
14 26 17
15 15 13
READ PROJECTIONS
FINISH SETUP 2
34 6 3
15 15 13
READ PROJECTIONS
FINISH SETUP 3
26 14 23
15 15 13
START FT
FINISH FT
READ PROJECTIONS
FINISH SETUP 0
6 34 37
15 15 13
READ PROJECTIONS
FINISH SETUP 1
14 26 17
15 15 13
READ PROJECTIONS
FINISH SETUP 2
34 6 3
15 15 13
READ PROJECTIONS
FINISH SETUP 3
26 14 23
15 15 13
START FT
FINISH FT
READ PROJECTIONS
FINISH SETUP 0
6 34 37
15 15 13
READ PROJECTIONS
FINISH SETUP 1
14 26 17
15 15 13
READ PROJECTIONS
FINISH SETUP 2
34 6 3
15 15 13
READ PROJECTIONS
FINISH SETUP 3
26 14 23
15 15 13
START FT
FINISH FT
READ PROJECTIONS
FINISH SETUP 0
6 34 37
15 15 13
READ PROJECTIONS
FINISH SETUP 1
14 26 17
15 15 13
READ PROJECTIONS
FINISH SETUP 2
34 6 3
15 15 13
READ PROJECTIONS
FINISH SETUP 3
26 14 23
15 15 13
--------------
ran get_projector_list in 0.006342 seconds
---------------
--------------
ran setup_projections in 3.206343 seconds
---------------
12.002316186503124 12.003720654614146
TEST INIT
0.877404 9.164555 1.070423 2.376126 1.000000 1.426049
7.347124 7.347123 7.426534
6.568989 7.347123 7.426534
7.347124 6.568989 7.426534
spin k band 2 2 24
 4.351552 0.010650 0.000000
 -2.097014 3.812957 0.000000
 0.000000 0.000000 4.406008
 1.441954 0.793032 -0.000000
 -0.004028 1.645636 0.000000
 0.000000 -0.000000 1.426049

 7.347124 7.347123 7.426534 1679 1501 1501
status 0
status 0
status 0
status 0
status 0
status 0
status 0
status 0
status 0
status 0
status 0
status 0
status 0
status 0
status 0
finished making projector list
started setup_proj
calculating projector_values
onto_projector calcs
Done 
0.877404 9.164555 1.070423 2.376126 1.000000 1.426049
7.347124 7.347123 7.426534
6.568989 7.347123 7.426534
7.347124 6.568989 7.426534
spin k band 2 2 24
 4.351552 0.010650 0.000000
 -2.097014 3.812957 0.000000
 0.000000 0.000000 4.406008
 1.441954 0.793032 -0.000000
 -0.004028 1.645636 0.000000
 0.000000 -0.000000 1.426049

 7.347124 7.347123 7.426534 1679 1501 1501
0.877404 9.164555 1.070423 2.376126 1.000000 1.426049
7.347124 7.347123 7.426534
6.568989 7.347123 7.426534
7.347124 6.568989 7.426534
spin k band 2 2 24
 4.351552 0.010650 0.000000
 -2.097014 3.812957 0.000000
 0.000000 0.000000 4.406008
 1.441954 0.793032 -0.000000
 -0.004028 1.645636 0.000000
 0.000000 -0.000000 1.426049

 7.347124 7.347123 7.426534 1679 1501 1501
status 0
status 0
status 0
status 0
status 0
status 0
status 0
status 0
status 0
status 0
status 0
status 0
status 0
status 0
status 0
finished making projector list
started setup_proj
calculating projector_values
onto_projector calcs
Done 
0.877404 9.164555 1.070423 2.376126 1.000000 1.426049
7.347124 7.347123 7.426534
6.568989 7.347123 7.426534
7.347124 6.568989 7.426534
spin k band 2 2 24
 4.351552 0.010650 0.000000
 -2.097014 3.812957 0.000000
 0.000000 0.000000 4.406008
 1.441954 0.793032 -0.000000
 -0.004028 1.645636 0.000000
 0.000000 -0.000000 1.426049

 7.347124 7.347123 7.426534 1679 1501 1501
0.877404 9.164555 1.070423 2.376126 1.000000 1.426049
7.347124 7.347123 7.426534
6.568989 7.347123 7.426534
7.347124 6.568989 7.426534
spin k band 2 2 24
 4.351552 0.010650 0.000000
 -2.097014 3.812957 0.000000
 0.000000 0.000000 4.406008
 1.441954 0.793032 -0.000000
 -0.004028 1.645636 0.000000
 0.000000 -0.000000 1.426049

 7.347124 7.347123 7.426534 1679 1501 1501
--------------
ran get_projector_list in 0.006639 seconds
---------------
--------------
ran setup_projections in 3.083149 seconds
---------------
--------------
ran get_projector_list in 0.006164 seconds
---------------
--------------
ran setup_projections in 2.969868 seconds
---------------
TEST OFFSITE
0.877404 9.164555 1.070423 2.376126 1.000000 1.426049
7.347124 7.347123 7.426534
6.568989 7.347123 7.426534
7.347124 6.568989 7.426534
spin k band 2 2 24
 4.351552 0.010650 0.000000
 -2.097014 3.812957 0.000000
 0.000000 0.000000 4.406008
 1.441954 0.793032 -0.000000
 -0.004028 1.645636 0.000000
 0.000000 -0.000000 1.426049

 7.347124 7.347123 7.426534 1679 1501 1501
0.877404 9.164555 1.070423 2.376126 1.000000 1.426049
7.347124 7.347123 7.426534
6.568989 7.347123 7.426534
7.347124 6.568989 7.426534
spin k band 2 2 24
 4.351552 0.010650 0.000000
 -2.097014 3.812957 0.000000
 0.000000 0.000000 4.406008
 1.441954 0.793032 -0.000000
 -0.004028 1.645636 0.000000
 0.000000 -0.000000 1.426049

 7.347124 7.347123 7.426534 1679 1501 1501
status 0
status 0
status 0
status 0
status 0
status 0
status 0
status 0
status 0
status 0
status 0
status 0
status 0
status 0
status 0
finished making projector list
started setup_proj
calculating projector_values
onto_projector calcs
Done 
status 0
status 0
status 0
status 0
status 0
status 0
status 0
status 0
status 0
status 0
status 0
status 0
status 0
status 0
status 0
finished making projector list
started setup_proj
calculating projector_values
onto_projector calcs
Done 
STARTING OVERLAP_SETUP
PART 1 DONE
PART 2 DONE
PART 3 DONE
FINISHED OVERLAP SETUP
--------------
ran get_projector_list in 0.006088 seconds
---------------
--------------
ran setup_projections in 3.046963 seconds
---------------
--------------
ran get_projector_list in 0.015694 seconds
---------------
--------------
ran setup_projections in 2.876790 seconds
---------------
datsa 24 2 2
CHECK_VALS 1.0070626966329754 2.1884168807047777e-05
datsa 24 2 2
CHECK_VALS 1.0143204697135375 2.2609467615735098e-05
datsa 24 2 2
CHECK_VALS 1.016087893822271 2.6524668969535873e-05
TEST PROJ
0.877404 9.164555 1.070423 2.376126 1.000000 1.426049
7.347124 7.347123 7.426534
6.568989 7.347123 7.426534
7.347124 6.568989 7.426534
spin k band 2 2 24
 4.351552 0.010650 0.000000
 -2.097014 3.812957 0.000000
 0.000000 0.000000 4.406008
 1.441954 0.793032 -0.000000
 -0.004028 1.645636 0.000000
 0.000000 -0.000000 1.426049

 7.347124 7.347123 7.426534 1679 1501 1501
0.877404 9.164555 1.070423 2.376126 1.000000 1.426049
7.347124 7.347123 7.426534
6.568989 7.347123 7.426534
7.347124 6.568989 7.426534
spin k band 2 2 24
 4.351552 0.010650 0.000000
 -2.097014 3.812957 0.000000
 0.000000 0.000000 4.406008
 1.441954 0.793032 -0.000000
 -0.004028 1.645636 0.000000
 0.000000 -0.000000 1.426049

 7.347124 7.347123 7.426534 1679 1501 1501
status 0
status 0
status 0
status 0
status 0
status 0
status 0
status 0
status 0
status 0
status 0
status 0
status 0
status 0
status 0
finished making projector list
started setup_proj
calculating projector_values
onto_projector calcs
Done 
status 0
status 0
status 0
status 0
status 0
status 0
status 0
status 0
status 0
status 0
status 0
status 0
status 0
status 0
status 0
finished making projector list
started setup_proj
calculating projector_values
onto_projector calcs
Done 
STARTING OVERLAP_SETUP
PART 1 DONE
PART 2 DONE
PART 3 DONE
FINISHED OVERLAP SETUP
--------------
ran get_projector_list in 0.006211 seconds
---------------
--------------
ran setup_projections in 3.094571 seconds
---------------
--------------
ran get_projector_list in 0.005964 seconds
---------------
--------------
ran setup_projections in 3.084265 seconds
---------------
-------------
ran overlap_setup in 0.000279 seconds
---------------
0.877404 9.164555 1.070423 2.376126 1.000000 1.426049
7.347124 7.347123 7.426534
6.568989 7.347123 7.426534
7.347124 6.568989 7.426534
spin k band 2 2 24
 4.351552 0.010650 0.000000
 -2.097014 3.812957 0.000000
 0.000000 0.000000 4.406008
 1.441954 0.793032 -0.000000
 -0.004028 1.645636 0.000000
 0.000000 -0.000000 1.426049

 7.347124 7.347123 7.426534 1679 1501 1501
0.877404 9.164555 1.070423 2.376126 1.000000 1.426049
7.347124 7.347123 7.426534
6.568989 7.347123 7.426534
7.347124 6.568989 7.426534
spin k band 2 2 24
 4.351552 0.010650 0.000000
 -2.097014 3.812957 0.000000
 0.000000 0.000000 4.406008
 1.441954 0.793032 -0.000000
 -0.004028 1.645636 0.000000
 0.000000 -0.000000 1.426049

 7.347124 7.347123 7.426534 1679 1501 1501
status 0
status 0
status 0
status 0
status 0
status 0
status 0
status 0
status 0
status 0
status 0
status 0
status 0
status 0
status 0
finished making projector list
started setup_proj
calculating projector_values
onto_projector calcs
Done 
status 0
status 0
status 0
status 0
status 0
status 0
status 0
status 0
status 0
status 0
status 0
status 0
status 0
status 0
status 0
finished making projector list
started setup_proj
calculating projector_values
onto_projector calcs
Done 
STARTING OVERLAP_SETUP
PART 1 DONE
PART 2 DONE
PART 3 DONE
FINISHED OVERLAP SETUP
--------------
ran get_projector_list in 0.006122 seconds
---------------
--------------
ran setup_projections in 3.060621 seconds
---------------
--------------
ran get_projector_list in 0.008274 seconds
---------------
--------------
ran setup_projections in 2.762479 seconds
---------------
-------------
ran overlap_setup in 0.000248 seconds
---------------
[1.00000000e+00 1.00000000e+00 1.00000000e+00 1.00000000e+00
 1.00000000e+00 1.00000000e+00 1.00000000e+00 1.00000000e+00
 1.00000000e+00 1.00000000e+00 1.00000000e+00 1.00000000e+00
 1.00000000e+00 1.00000000e+00 1.00000000e+00 1.00000000e+00
 1.00000000e+00 1.00000000e+00 1.00000000e+00 1.00000000e+00
 1.00000000e+00 9.95655246e-01 1.00000000e+00 9.95655246e-01
 0.00000000e+00 4.34474672e-03 0.00000000e+00 4.34474672e-03
 0.00000000e+00 7.08072312e-09 0.00000000e+00 7.08072312e-09
 0.00000000e+00 0.00000000e+00 0.00000000e+00 0.00000000e+00
 0.00000000e+00 0.00000000e+00 0.00000000e+00 0.00000000e+00
 0.00000000e+00 0.00000000e+00 0.00000000e+00 0.00000000e+00
 0.00000000e+00 0.00000000e+00 0.00000000e+00 0.00000000e+00
 0.00000000e+00 0.00000000e+00 0.00000000e+00 0.00000000e+00
 0.00000000e+00 0.00000000e+00 0.00000000e+00 0.00000000e+00
 0.00000000e+00 0.00000000e+00 0.00000000e+00 0.00000000e+00
 0.00000000e+00 0.00000000e+00 0.00000000e+00 0.00000000e+00
 0.00000000e+00 0.00000000e+00 0.00000000e+00 0.00000000e+00
 0.00000000e+00 0.00000000e+00 0.00000000e+00 0.00000000e+00
 0.00000000e+00 0.00000000e+00 0.00000000e+00 0.00000000e+00
 0.00000000e+00 0.00000000e+00 0.00000000e+00 0.00000000e+00
 0.00000000e+00 0.00000000e+00 0.00000000e+00 0.00000000e+00
 0.00000000e+00 0.00000000e+00 0.00000000e+00 0.00000000e+00
 0.00000000e+00 0.00000000e+00 0.00000000e+00 0.00000000e+00
 0.00000000e+00 0.00000000e+00 0.00000000e+00 0.00000000e+00]
0.877404 9.164555 1.070423 2.376126 1.000000 1.426049
7.347124 7.347123 7.426534
6.568989 7.347123 7.426534
7.347124 6.568989 7.426534
spin k band 2 2 24
 4.351552 0.010650 0.000000
 -2.097014 3.812957 0.000000
 0.000000 0.000000 4.406008
 1.441954 0.793032 -0.000000
 -0.004028 1.645636 0.000000
 0.000000 -0.000000 1.426049

 7.347124 7.347123 7.426534 1679 1501 1501
status 0
status 0
status 0
status 0
status 0
status 0
status 0
status 0
status 0
status 0
status 0
status 0
status 0
status 0
status 0
finished making projector list
started setup_proj
calculating projector_values
onto_projector calcs
Done 
STARTING OVERLAP_SETUP
PART 1 DONE
PART 2 DONE
PART 3 DONE
FINISHED OVERLAP SETUP
--------------
ran get_projector_list in 0.006062 seconds
---------------
--------------
ran setup_projections in 2.505353 seconds
---------------
-------------
ran overlap_setup in 0.000245 seconds
---------------
[1.00000000e+00 1.00000000e+00 1.00000000e+00 1.00000000e+00
 1.00000000e+00 1.00000000e+00 1.00000000e+00 1.00000000e+00
 1.00000000e+00 1.00000000e+00 1.00000000e+00 1.00000000e+00
 1.00000000e+00 1.00000000e+00 1.00000000e+00 1.00000000e+00
 1.00000000e+00 1.00000000e+00 1.00000000e+00 1.00000000e+00
 1.00000000e+00 9.95655246e-01 1.00000000e+00 9.95655246e-01
 0.00000000e+00 4.34474672e-03 0.00000000e+00 4.34474672e-03
 0.00000000e+00 7.08072312e-09 0.00000000e+00 7.08072312e-09
 0.00000000e+00 0.00000000e+00 0.00000000e+00 0.00000000e+00
 0.00000000e+00 0.00000000e+00 0.00000000e+00 0.00000000e+00
 0.00000000e+00 0.00000000e+00 0.00000000e+00 0.00000000e+00
 0.00000000e+00 0.00000000e+00 0.00000000e+00 0.00000000e+00
 0.00000000e+00 0.00000000e+00 0.00000000e+00 0.00000000e+00
 0.00000000e+00 0.00000000e+00 0.00000000e+00 0.00000000e+00
 0.00000000e+00 0.00000000e+00 0.00000000e+00 0.00000000e+00
 0.00000000e+00 0.00000000e+00 0.00000000e+00 0.00000000e+00
 0.00000000e+00 0.00000000e+00 0.00000000e+00 0.00000000e+00
 0.00000000e+00 0.00000000e+00 0.00000000e+00 0.00000000e+00
 0.00000000e+00 0.00000000e+00 0.00000000e+00 0.00000000e+00
 0.00000000e+00 0.00000000e+00 0.00000000e+00 0.00000000e+00
 0.00000000e+00 0.00000000e+00 0.00000000e+00 0.00000000e+00
 0.00000000e+00 0.00000000e+00 0.00000000e+00 0.00000000e+00
 0.00000000e+00 0.00000000e+00 0.00000000e+00 0.00000000e+00
 0.00000000e+00 0.00000000e+00 0.00000000e+00 0.00000000e+00]
Number of errors: 0
TEST PROJGZ
0.877404 9.164555 1.070423 2.376126 1.000000 1.426049
7.347124 7.347123 7.426534
6.568989 7.347123 7.426534
7.347124 6.568989 7.426534
spin k band 2 2 24
 4.351552 0.010650 0.000000
 -2.097014 3.812957 0.000000
 0.000000 0.000000 4.406008
 1.441954 0.793032 -0.000000
 -0.004028 1.645636 0.000000
 0.000000 -0.000000 1.426049

 7.347124 7.347123 7.426534 1679 1501 1501
0.877404 9.164555 1.070423 2.376126 1.000000 1.426049
7.347124 7.347123 7.426534
6.568989 7.347123 7.426534
7.347124 6.568989 7.426534
spin k band 2 2 24
 4.351552 0.010650 0.000000
 -2.097014 3.812957 0.000000
 0.000000 0.000000 4.406008
 1.441954 0.793032 -0.000000
 -0.004028 1.645636 0.000000
 0.000000 -0.000000 1.426049

 7.347124 7.347123 7.426534 1679 1501 1501
status 0
status 0
status 0
status 0
status 0
status 0
status 0
status 0
status 0
status 0
status 0
status 0
status 0
status 0
status 0
finished making projector list
started setup_proj
calculating projector_values
onto_projector calcs
Done 
status 0
status 0
status 0
status 0
status 0
status 0
status 0
status 0
status 0
status 0
status 0
status 0
status 0
status 0
status 0
finished making projector list
started setup_proj
calculating projector_values
onto_projector calcs
Done 
STARTING OVERLAP_SETUP
PART 1 DONE
PART 2 DONE
PART 3 DONE
FINISHED OVERLAP SETUP
--------------
ran get_projector_list in 0.006076 seconds
---------------
--------------
ran setup_projections in 3.117187 seconds
---------------
--------------
ran get_projector_list in 0.005959 seconds
---------------
--------------
ran setup_projections in 3.093271 seconds
---------------
-------------
ran overlap_setup in 0.000353 seconds
---------------
0.877404 9.164555 1.070423 2.376126 1.000000 1.426049
7.347124 7.347123 7.426534
6.568989 7.347123 7.426534
7.347124 6.568989 7.426534
spin k band 2 2 24
 4.351552 0.010650 0.000000
 -2.097014 3.812957 0.000000
 0.000000 0.000000 4.406008
 1.441954 0.793032 -0.000000
 -0.004028 1.645636 0.000000
 0.000000 -0.000000 1.426049

 7.347124 7.347123 7.426534 1679 1501 1501
0.877404 9.164555 1.070423 2.376126 1.000000 1.426049
7.347124 7.347123 7.426534
6.568989 7.347123 7.426534
7.347124 6.568989 7.426534
spin k band 2 2 24
 4.351552 0.010650 0.000000
 -2.097014 3.812957 0.000000
 0.000000 0.000000 4.406008
 1.441954 0.793032 -0.000000
 -0.004028 1.645636 0.000000
 0.000000 -0.000000 1.426049

 7.347124 7.347123 7.426534 1679 1501 1501
status 0
status 0
status 0
status 0
status 0
status 0
status 0
status 0
status 0
status 0
status 0
status 0
status 0
status 0
status 0
finished making projector list
started setup_proj
calculating projector_values
onto_projector calcs
Done 
status 0
status 0
status 0
status 0
status 0
status 0
status 0
status 0
status 0
status 0
status 0
status 0
status 0
status 0
status 0
finished making projector list
started setup_proj
calculating projector_values
onto_projector calcs
Done 
STARTING OVERLAP_SETUP
PART 1 DONE
PART 2 DONE
PART 3 DONE
FINISHED OVERLAP SETUP
--------------
ran get_projector_list in 0.006236 seconds
---------------
--------------
ran setup_projections in 3.077292 seconds
---------------
--------------
ran get_projector_list in 0.011775 seconds
---------------
--------------
ran setup_projections in 2.767281 seconds
---------------
-------------
ran overlap_setup in 0.000247 seconds
---------------
[1.00000000e+00 1.00000000e+00 1.00000000e+00 1.00000000e+00
 1.00000000e+00 1.00000000e+00 1.00000000e+00 1.00000000e+00
 1.00000000e+00 1.00000000e+00 1.00000000e+00 1.00000000e+00
 1.00000000e+00 1.00000000e+00 1.00000000e+00 1.00000000e+00
 1.00000000e+00 1.00000000e+00 1.00000000e+00 1.00000000e+00
 1.00000000e+00 9.95655246e-01 1.00000000e+00 9.95655246e-01
 0.00000000e+00 4.34474672e-03 0.00000000e+00 4.34474672e-03
 0.00000000e+00 7.08072312e-09 0.00000000e+00 7.08072312e-09
 0.00000000e+00 0.00000000e+00 0.00000000e+00 0.00000000e+00
 0.00000000e+00 0.00000000e+00 0.00000000e+00 0.00000000e+00
 0.00000000e+00 0.00000000e+00 0.00000000e+00 0.00000000e+00
 0.00000000e+00 0.00000000e+00 0.00000000e+00 0.00000000e+00
 0.00000000e+00 0.00000000e+00 0.00000000e+00 0.00000000e+00
 0.00000000e+00 0.00000000e+00 0.00000000e+00 0.00000000e+00
 0.00000000e+00 0.00000000e+00 0.00000000e+00 0.00000000e+00
 0.00000000e+00 0.00000000e+00 0.00000000e+00 0.00000000e+00
 0.00000000e+00 0.00000000e+00 0.00000000e+00 0.00000000e+00
 0.00000000e+00 0.00000000e+00 0.00000000e+00 0.00000000e+00
 0.00000000e+00 0.00000000e+00 0.00000000e+00 0.00000000e+00
 0.00000000e+00 0.00000000e+00 0.00000000e+00 0.00000000e+00
 0.00000000e+00 0.00000000e+00 0.00000000e+00 0.00000000e+00
 0.00000000e+00 0.00000000e+00 0.00000000e+00 0.00000000e+00
 0.00000000e+00 0.00000000e+00 0.00000000e+00 0.00000000e+00
 0.00000000e+00 0.00000000e+00 0.00000000e+00 0.00000000e+00]
0.877404 9.164555 1.070423 2.376126 1.000000 1.426049
7.347124 7.347123 7.426534
6.568989 7.347123 7.426534
7.347124 6.568989 7.426534
spin k band 2 2 24
 4.351552 0.010650 0.000000
 -2.097014 3.812957 0.000000
 0.000000 0.000000 4.406008
 1.441954 0.793032 -0.000000
 -0.004028 1.645636 0.000000
 0.000000 -0.000000 1.426049

 7.347124 7.347123 7.426534 1679 1501 1501
status 0
status 0
status 0
status 0
status 0
status 0
status 0
status 0
status 0
status 0
status 0
status 0
status 0
status 0
status 0
finished making projector list
started setup_proj
calculating projector_values
onto_projector calcs
Done 
STARTING OVERLAP_SETUP
PART 1 DONE
PART 2 DONE
PART 3 DONE
FINISHED OVERLAP SETUP
--------------
ran get_projector_list in 0.006976 seconds
---------------
--------------
ran setup_projections in 2.489794 seconds
---------------
-------------
ran overlap_setup in 0.000247 seconds
---------------
[1.00000000e+00 1.00000000e+00 1.00000000e+00 1.00000000e+00
 1.00000000e+00 1.00000000e+00 1.00000000e+00 1.00000000e+00
 1.00000000e+00 1.00000000e+00 1.00000000e+00 1.00000000e+00
 1.00000000e+00 1.00000000e+00 1.00000000e+00 1.00000000e+00
 1.00000000e+00 1.00000000e+00 1.00000000e+00 1.00000000e+00
 1.00000000e+00 9.95655246e-01 1.00000000e+00 9.95655246e-01
 0.00000000e+00 4.34474672e-03 0.00000000e+00 4.34474672e-03
 0.00000000e+00 7.08072312e-09 0.00000000e+00 7.08072312e-09
 0.00000000e+00 0.00000000e+00 0.00000000e+00 0.00000000e+00
 0.00000000e+00 0.00000000e+00 0.00000000e+00 0.00000000e+00
 0.00000000e+00 0.00000000e+00 0.00000000e+00 0.00000000e+00
 0.00000000e+00 0.00000000e+00 0.00000000e+00 0.00000000e+00
 0.00000000e+00 0.00000000e+00 0.00000000e+00 0.00000000e+00
 0.00000000e+00 0.00000000e+00 0.00000000e+00 0.00000000e+00
 0.00000000e+00 0.00000000e+00 0.00000000e+00 0.00000000e+00
 0.00000000e+00 0.00000000e+00 0.00000000e+00 0.00000000e+00
 0.00000000e+00 0.00000000e+00 0.00000000e+00 0.00000000e+00
 0.00000000e+00 0.00000000e+00 0.00000000e+00 0.00000000e+00
 0.00000000e+00 0.00000000e+00 0.00000000e+00 0.00000000e+00
 0.00000000e+00 0.00000000e+00 0.00000000e+00 0.00000000e+00
 0.00000000e+00 0.00000000e+00 0.00000000e+00 0.00000000e+00
 0.00000000e+00 0.00000000e+00 0.00000000e+00 0.00000000e+00
 0.00000000e+00 0.00000000e+00 0.00000000e+00 0.00000000e+00
 0.00000000e+00 0.00000000e+00 0.00000000e+00 0.00000000e+00]
Number of errors: 0
TEST PSEUDO
0.877404 9.164555 1.070423 2.376126 1.000000 1.426049
7.347124 7.347123 7.426534
6.568989 7.347123 7.426534
7.347124 6.568989 7.426534
spin k band 2 2 24
 4.351552 0.010650 0.000000
 -2.097014 3.812957 0.000000
 0.000000 0.000000 4.406008
 1.441954 0.793032 -0.000000
 -0.004028 1.645636 0.000000
 0.000000 -0.000000 1.426049

 7.347124 7.347123 7.426534 1679 1501 1501
0.877404 9.164555 1.070423 2.376126 1.000000 1.426049
7.347124 7.347123 7.426534
6.568989 7.347123 7.426534
7.347124 6.568989 7.426534
spin k band 2 2 24
 4.351552 0.010650 0.000000
 -2.097014 3.812957 0.000000
 0.000000 0.000000 4.406008
 1.441954 0.793032 -0.000000
 -0.004028 1.645636 0.000000
 0.000000 -0.000000 1.426049

 7.347124 7.347123 7.426534 1679 1501 1501
status 0
status 0
status 0
status 0
status 0
status 0
status 0
status 0
status 0
status 0
status 0
status 0
status 0
status 0
status 0
finished making projector list
started setup_proj
calculating projector_values
onto_projector calcs
Done 
status 0
status 0
status 0
status 0
status 0
status 0
status 0
status 0
status 0
status 0
status 0
status 0
status 0
status 0
status 0
finished making projector list
started setup_proj
calculating projector_values
onto_projector calcs
Done 
--------------
ran get_projector_list in 0.006183 seconds
---------------
--------------
ran setup_projections in 3.100919 seconds
---------------
--------------
ran get_projector_list in 0.007265 seconds
---------------
--------------
ran setup_projections in 3.096418 seconds
---------------
[1.00000000e+00 1.00000000e+00 1.00000000e+00 1.00000000e+00
 1.00000000e+00 1.00000000e+00 1.00000000e+00 1.00000000e+00
 1.00000000e+00 1.00000000e+00 1.00000000e+00 1.00000000e+00
 1.00000000e+00 1.00000000e+00 1.00000000e+00 1.00000000e+00
 1.00000000e+00 1.00000000e+00 1.00000000e+00 1.00000000e+00
 1.00000000e+00 9.95655246e-01 1.00000000e+00 9.95655246e-01
 0.00000000e+00 4.34474672e-03 0.00000000e+00 4.34474672e-03
 0.00000000e+00 7.08072312e-09 0.00000000e+00 7.08072312e-09
 0.00000000e+00 0.00000000e+00 0.00000000e+00 0.00000000e+00
 0.00000000e+00 0.00000000e+00 0.00000000e+00 0.00000000e+00
 0.00000000e+00 0.00000000e+00 0.00000000e+00 0.00000000e+00
 0.00000000e+00 0.00000000e+00 0.00000000e+00 0.00000000e+00
 0.00000000e+00 0.00000000e+00 0.00000000e+00 0.00000000e+00
 0.00000000e+00 0.00000000e+00 0.00000000e+00 0.00000000e+00
 0.00000000e+00 0.00000000e+00 0.00000000e+00 0.00000000e+00
 0.00000000e+00 0.00000000e+00 0.00000000e+00 0.00000000e+00
 0.00000000e+00 0.00000000e+00 0.00000000e+00 0.00000000e+00
 0.00000000e+00 0.00000000e+00 0.00000000e+00 0.00000000e+00
 0.00000000e+00 0.00000000e+00 0.00000000e+00 0.00000000e+00
 0.00000000e+00 0.00000000e+00 0.00000000e+00 0.00000000e+00
 0.00000000e+00 0.00000000e+00 0.00000000e+00 0.00000000e+00
 0.00000000e+00 0.00000000e+00 0.00000000e+00 0.00000000e+00
 0.00000000e+00 0.00000000e+00 0.00000000e+00 0.00000000e+00
 0.00000000e+00 0.00000000e+00 0.00000000e+00 0.00000000e+00]
TEST WRITE
0.877404 9.164555 1.070423 2.376126 1.000000 1.426049
7.347124 7.347123 7.426534
6.568989 7.347123 7.426534
7.347124 6.568989 7.426534
spin k band 2 2 24
 4.351552 0.010650 0.000000
 -2.097014 3.812957 0.000000
 0.000000 0.000000 4.406008
 1.441954 0.793032 -0.000000
 -0.004028 1.645636 0.000000
 0.000000 -0.000000 1.426049

 7.347124 7.347123 7.426534 1679 1501 1501
[<class 'ctypes.c_char_p'>, <class 'ctypes.c_char_p'>, <class 'ctypes.c_int'>, <class 'ctypes.c_int'>, <class 'ctypes.c_void_p'>, <class 'ctypes.c_void_p'>, <class 'importlib._bootstrap.LP_c_int'>, <class 'importlib._bootstrap.LP_c_int'>, <class 'pawpyseed.core.utils.LP_c_double'>] LOOK HERE
PARAMETERS None None [30 30 30]
status 0
status 0
status 0
status 0
status 0
status 0
status 0
status 0
status 0
status 0
status 0
status 0
status 0
status 0
status 0
finished making projector list
started setup_proj
calculating projector_values
onto_projector calcs
Done 
--------------
ran get_projector_list in 0.016923 seconds
---------------
--------------
ran setup_projections in 3.160344 seconds
---------------
PARAMETERS [0 0 0 0] [0.15604272 0.84395728 0.91665406 0.34395728 0.65604272 0.41665406
 0.84395728 0.15604272 0.08334594 0.65604272 0.34395728 0.58334594] [30 30 30]
START FT
FINISH FT
READ PROJECTIONS
FINISH SETUP 0
5 25 27
12 12 10
READ PROJECTIONS
FINISH SETUP 1
10 20 12
12 12 10
READ PROJECTIONS
FINISH SETUP 2
25 5 3
12 12 10
READ PROJECTIONS
FINISH SETUP 3
20 10 18
12 12 10
0.877404 9.164555 1.070423 2.376126 1.000000 1.426049
7.347124 7.347123 7.426534
6.568989 7.347123 7.426534
7.347124 6.568989 7.426534
spin k band 2 2 24
 4.351552 0.010650 0.000000
 -2.097014 3.812957 0.000000
 0.000000 0.000000 4.406008
 1.441954 0.793032 -0.000000
 -0.004028 1.645636 0.000000
 0.000000 -0.000000 1.426049

 7.347124 7.347123 7.426534 1679 1501 1501
PARAMETERS None None [30 30 30]
status 0
status 0
status 0
status 0
status 0
status 0
status 0
status 0
status 0
status 0
status 0
status 0
status 0
status 0
status 0
finished making projector list
started setup_proj
calculating projector_values
onto_projector calcs
Done 
--------------
ran get_projector_list in 0.006317 seconds
---------------
--------------
ran setup_projections in 2.750400 seconds
---------------
PARAMETERS [0 0 0 0] [0.15604272 0.84395728 0.91665406 0.34395728 0.65604272 0.41665406
 0.84395728 0.15604272 0.08334594 0.65604272 0.34395728 0.58334594] [30 30 30]
START FT
FINISH FT
READ PROJECTIONS
FINISH SETUP 0
5 25 27
12 12 10
READ PROJECTIONS
FINISH SETUP 1
10 20 12
12 12 10
READ PROJECTIONS
FINISH SETUP 2
25 5 3
12 12 10
READ PROJECTIONS
FINISH SETUP 3
20 10 18
12 12 10
